target_date,origin_date,actual,point
2015-01-02,2014-12-24,1203.0,1186.6812982035656
2015-01-05,2014-12-26,1210.0999755859375,1217.3459146017544
2015-01-06,2014-12-29,1220.800048828125,1201.0417143086247
2015-01-07,2014-12-30,1220.699951171875,1219.8971500220173
2015-01-08,2014-12-31,1221.699951171875,1206.5009342234857
2015-01-09,2015-01-02,1229.0999755859375,1201.0522771863455
2015-01-12,2015-01-05,1240.4000244140625,1208.3518079515106
2015-01-13,2015-01-06,1247.4000244140625,1220.1554532865293
2015-01-14,2015-01-07,1238.4000244140625,1211.035708755523
2015-01-15,2015-01-08,1262.0999755859375,1217.1600617873482
2015-01-16,2015-01-09,1269.800048828125,1227.940701180926
2015-01-20,2015-01-12,1287.0,1248.4569592679586
2015-01-21,2015-01-13,1277.300048828125,1256.2182649669928
2015-01-22,2015-01-14,1284.0,1238.3844375937483
2015-01-23,2015-01-15,1268.0,1271.842500681299
2015-01-26,2015-01-16,1254.699951171875,1278.1392919467178
2015-01-27,2015-01-20,1266.300048828125,1297.8086846438457
2015-01-28,2015-01-21,1257.5999755859375,1277.8312685357864
2015-01-29,2015-01-22,1216.800048828125,1288.359665994828
2015-01-30,2015-01-23,1239.199951171875,1263.3690170079594
2015-02-02,2015-01-26,1230.4000244140625,1256.5693289544674
2015-02-03,2015-01-27,1237.199951171875,1267.655569603724
2015-02-04,2015-01-28,1240.9000244140625,1259.4125255485646
2015-02-05,2015-01-29,1251.699951171875,1213.4147122133027
2015-02-06,2015-01-30,1223.5999755859375,1242.4533434349064
2015-02-09,2015-02-02,1222.4000244140625,1229.7757206619158
2015-02-10,2015-02-03,1209.300048828125,1239.848215902057
2015-02-11,2015-02-04,1197.5999755859375,1236.236003077807
2015-02-12,2015-02-05,1203.5,1252.2349157308065
2015-02-13,2015-02-06,1210.5,1219.509654438406
2015-02-17,2015-02-09,1180.0,1223.085293702501
2015-02-18,2015-02-10,1170.199951171875,1204.4361862300495
2015-02-19,2015-02-11,1175.800048828125,1191.9280998949798
2015-02-20,2015-02-12,1172.9000244140625,1195.8865786951235
2015-02-23,2015-02-13,1166.300048828125,1201.8092431992334
2015-02-24,2015-02-17,1166.5999755859375,1170.9453006860742
2015-02-25,2015-02-18,1172.800048828125,1158.286308129405
2015-02-26,2015-02-19,1174.699951171875,1170.4044597430366
2015-02-27,2015-02-20,1186.699951171875,1169.2101185200702
2015-03-02,2015-02-23,1191.0,1165.0336589507256
2015-03-03,2015-02-24,1190.699951171875,1166.5653173569688
2015-03-04,2015-02-25,1182.800048828125,1173.7177297290907
2015-03-05,2015-02-26,1181.199951171875,1172.6763194629068
2015-03-06,2015-02-27,1159.9000244140625,1183.6698954305411
2015-03-09,2015-03-02,1149.699951171875,1186.0082234362771
2015-03-10,2015-03-03,1130.5,1187.6025532281783
2015-03-11,2015-03-04,1116.4000244140625,1171.4000621136402
2015-03-12,2015-03-05,1115.9000244140625,1179.0515168896623
2015-03-13,2015-03-06,1116.199951171875,1156.3334364157033
2015-03-16,2015-03-09,1108.9000244140625,1152.8403764617224
2015-03-17,2015-03-10,1094.699951171875,1127.0606669454812
2015-03-18,2015-03-11,1093.5999755859375,1109.0175683178813
2015-03-19,2015-03-12,1120.800048828125,1110.2495009079576
2015-03-20,2015-03-13,1142.199951171875,1113.1540659520565
2015-03-23,2015-03-16,1145.5,1109.9008154293215
2015-03-24,2015-03-17,1142.5,1094.1407179381717
2015-03-25,2015-03-18,1147.5,1087.8054643938128
2015-03-26,2015-03-19,1155.0,1120.5580567232892
2015-03-27,2015-03-20,1144.5999755859375,1141.6839264282467
2015-03-30,2015-03-23,1116.9000244140625,1145.1076318252676
2015-03-31,2015-03-24,1142.5999755859375,1139.5441528286015
2015-04-01,2015-03-25,1165.199951171875,1138.135941789968
2015-04-02,2015-03-26,1153.800048828125,1147.9641646755474
2015-04-06,2015-03-27,1179.9000244140625,1132.2830630677531
2015-04-07,2015-03-30,1173.300048828125,1107.9496889129996
2015-04-08,2015-03-31,1165.5,1144.1782164493534
2015-04-09,2015-04-01,1156.4000244140625,1163.0995503568533
2015-04-10,2015-04-02,1170.0,1152.9929005786541
2015-04-13,2015-04-06,1153.5,1190.4369331844814
2015-04-14,2015-04-07,1153.699951171875,1179.728211487939
2015-04-15,2015-04-08,1155.9000244140625,1169.1952728092492
2015-04-16,2015-04-09,1158.5,1158.3166657053164
2015-04-17,2015-04-10,1166.800048828125,1177.1285375203092
2015-04-20,2015-04-13,1148.0999755859375,1165.615995221971
2015-04-21,2015-04-14,1151.800048828125,1161.9082977618823
2015-04-22,2015-04-15,1129.699951171875,1146.560843037801
2015-04-23,2015-04-16,1136.199951171875,1154.541221739031
2015-04-24,2015-04-17,1120.4000244140625,1159.0658455659386
2015-04-27,2015-04-20,1152.699951171875,1140.206779300464
2015-04-28,2015-04-21,1157.5,1154.1393333849444
2015-04-29,2015-04-22,1160.4000244140625,1125.2990959238296
2015-04-30,2015-04-23,1139.9000244140625,1139.143089969419
2015-05-01,2015-04-24,1129.0,1121.9483174185466
2015-05-04,2015-04-27,1150.199951171875,1159.4495668422092
2015-05-05,2015-04-28,1148.0999755859375,1154.5487501422754
2015-05-06,2015-04-29,1142.0999755859375,1149.3720086620674
2015-05-07,2015-04-30,1131.4000244140625,1125.9236528666775
2015-05-08,2015-05-01,1142.5,1123.6969995507684
2015-05-11,2015-05-04,1126.4000244140625,1147.2415023613976
2015-05-12,2015-05-05,1132.4000244140625,1148.8594760592616
2015-05-13,2015-05-06,1149.800048828125,1137.321511304613
2015-05-14,2015-05-07,1161.300048828125,1131.2833810551597
2015-05-15,2015-05-08,1168.0,1140.1253033383844
2015-05-18,2015-05-11,1177.4000244140625,1122.384873884484
2015-05-19,2015-05-12,1149.800048828125,1128.788272405755
2015-05-20,2015-05-13,1155.800048828125,1143.007485937787
2015-05-21,2015-05-14,1151.5,1163.0000111836237
2015-05-22,2015-05-15,1147.9000244140625,1168.3204777392589
2015-05-26,2015-05-18,1123.4000244140625,1184.6947725639657
2015-05-27,2015-05-19,1118.5,1152.497766571671
2015-05-28,2015-05-20,1115.800048828125,1156.8512309507723
2015-05-29,2015-05-21,1111.0,1140.3039334322448
2015-06-01,2015-05-22,1103.699951171875,1144.7101071984291
2015-06-02,2015-05-26,1112.300048828125,1116.872222823386
2015-06-03,2015-05-27,1103.5999755859375,1115.5656684400096
2015-06-04,2015-05-28,1098.699951171875,1115.4035694544768
2015-06-05,2015-05-29,1091.300048828125,1111.6856323422166
2015-06-08,2015-06-01,1100.5,1098.530969239939
2015-06-09,2015-06-02,1107.800048828125,1113.8657475559744
2015-06-10,2015-06-03,1114.699951171875,1100.0731150779193
2015-06-11,2015-06-04,1104.699951171875,1098.9342327789423
2015-06-12,2015-06-05,1096.300048828125,1089.9487901365453
2015-06-15,2015-06-08,1088.300048828125,1101.4562935735576
2015-06-16,2015-06-09,1079.5,1106.0831605822882
2015-06-17,2015-06-10,1072.4000244140625,1103.0749146547885
2015-06-18,2015-06-11,1082.5,1092.4640806776788
2015-06-19,2015-06-12,1086.5,1089.5048521999274
2015-06-22,2015-06-15,1060.300048828125,1081.004303570775
2015-06-23,2015-06-16,1067.199951171875,1074.4054286653059
2015-06-24,2015-06-17,1074.0999755859375,1066.0790615995481
2015-06-25,2015-06-18,1084.0,1080.4280998579811
2015-06-26,2015-06-19,1080.699951171875,1086.669453394648
2015-06-29,2015-06-22,1081.4000244140625,1060.0408953919589
2015-06-30,2015-06-23,1078.5999755859375,1071.110717257771
2015-07-01,2015-06-24,1086.9000244140625,1069.8293170849365
2015-07-02,2015-06-25,1083.5999755859375,1082.739745048606
2015-07-06,2015-06-26,1065.9000244140625,1084.610769792076
2015-07-07,2015-06-29,1041.0999755859375,1085.1000519114507
2015-07-08,2015-06-30,1036.0999755859375,1078.9018097685398
2015-07-09,2015-07-01,1022.4000244140624,1085.5239241720617
2015-07-10,2015-07-02,1032.300048828125,1083.011231491519
2015-07-13,2015-07-06,1036.0,1068.0236836185304
2015-07-14,2015-07-07,1027.9000244140625,1034.187243970121
2015-07-15,2015-07-08,1021.5999755859376,1025.6137518680246
2015-07-16,2015-07-09,1012.0999755859376,1018.0598226463666
2015-07-17,2015-07-10,1001.0,1038.7443287287008
2015-07-20,2015-07-13,990.2000122070312,1041.7933880865248
2015-07-21,2015-07-14,986.0,1032.4300442625392
2015-07-22,2015-07-15,981.5999755859376,1021.1780738651171
2015-07-23,2015-07-16,982.7999877929688,1014.4880038379764
2015-07-24,2015-07-17,982.4000244140624,1009.3141908865393
2015-07-27,2015-07-20,990.5,997.5940707124287
2015-07-28,2015-07-21,987.7999877929688,986.0326196812761
2015-07-29,2015-07-22,984.4000244140624,972.8686161297665
2015-07-30,2015-07-23,988.5999755859376,976.7425541730968
2015-07-31,2015-07-24,984.0,979.1861419188074
2015-08-03,2015-07-27,966.5999755859376,993.1194251438704
2015-08-04,2015-07-28,958.0,987.9613004334582
2015-08-05,2015-07-29,950.5,984.5607818242271
2015-08-06,2015-07-30,955.5999755859376,988.7614188682696
2015-08-07,2015-07-31,961.7999877929688,984.1606920842601
2015-08-10,2015-08-03,988.9000244140624,966.7578261628032
2015-08-11,2015-08-04,991.4000244140624,958.1564461596485
2015-08-12,2015-08-05,998.5999755859376,950.6552213737257
2015-08-13,2015-08-06,993.7000122070312,955.756029810103
2015-08-14,2015-08-07,992.7000122070312,961.9570545088285
2015-08-17,2015-08-10,999.5,989.0615166958066
2015-08-18,2015-08-11,992.9000244140624,991.5619249577971
2015-08-19,2015-08-12,1011.9000244140624,998.7630519162363
2015-08-20,2015-08-13,1034.0,993.8622883498047
2015-08-21,2015-08-14,1026.5,992.8621250450083
2015-08-24,2015-08-17,990.9000244140624,999.6632233086037
2015-08-25,2015-08-18,976.0999755859376,993.0621699149918
2015-08-26,2015-08-19,980.2000122070312,1012.0652727061554
2015-08-27,2015-08-20,1006.0,1034.1688573242159
2015-08-28,2015-08-21,1021.2999877929688,1026.6676325381973
2015-08-31,2015-08-24,1010.0999755859376,991.0618433053994
2015-09-01,2015-08-25,1007.5999755859376,976.2593775583354
2015-09-02,2015-08-26,1012.7999877929688,979.6215326975225
2015-09-03,2015-08-27,1009.2999877929688,1005.4062942624166
2015-09-04,2015-08-28,991.5999755859376,1020.6972525507858
2015-09-08,2015-08-31,1002.0999755859376,1009.5038501896777
2015-09-09,2015-09-01,980.4000244140624,1007.0053256000956
2015-09-10,2015-09-02,983.0,1012.202268946249
2015-09-11,2015-09-03,965.2000122070312,1008.7043345208385
2015-09-14,2015-09-04,955.7000122070312,991.0147682266884
2015-09-15,2015-09-08,958.2999877929688,1001.5085715030043
2015-09-16,2015-09-09,975.7999877929688,979.8214268645186
2015-09-17,2015-09-10,968.5,982.4198680380717
2015-09-18,2015-09-11,984.5,964.6303851597039
2015-09-21,2015-09-14,973.7999877929688,955.1359917190092
2015-09-22,2015-09-15,937.5999755859376,957.734432892604
2015-09-23,2015-09-16,932.5,975.224105020123
2015-09-24,2015-09-17,955.9000244140624,967.9284254182089
2015-09-25,2015-09-18,951.2000122070312,983.9189827918433
2015-09-28,2015-09-21,926.0999755859376,973.225285348416
2015-09-29,2015-09-22,917.0999755859376,937.0466370902452
2015-09-30,2015-09-23,907.2000122070312,931.9496713269107
2015-10-01,2015-09-24,903.2000122070312,955.3358858860095
2015-10-02,2015-09-25,907.2999877929688,950.5898340232029
2015-10-05,2015-09-28,911.0999755859376,925.505898618889
2015-10-06,2015-09-29,933.0,916.5116719550062
2015-10-07,2015-09-30,944.5,906.6180592222588
2015-10-08,2015-10-01,953.2999877929688,902.6206251493664
2015-10-09,2015-10-02,979.5,906.7179706756797
2015-10-12,2015-10-05,994.5999755859376,910.515520845713
2015-10-13,2015-10-06,991.5,932.4014967928899
2015-10-14,2015-10-07,994.2000122070312,943.8941197521393
2015-10-15,2015-10-08,1005.5999755859376,952.6884625129908
2015-10-16,2015-10-09,1021.2999877929688,978.8716678883792
2015-10-19,2015-10-12,1013.4000244140624,993.9619571142061
2015-10-20,2015-10-13,1018.9000244140624,990.8639701063215
2015-10-21,2015-10-14,1006.0,993.5622503045456
2015-10-22,2015-10-15,1012.2000122070312,1004.954900813881
2015-10-23,2015-10-16,1000.0,1020.6448417479409
2015-10-26,2015-10-19,995.7999877929688,1012.749946052225
2015-10-27,2015-10-20,988.4000244140624,1018.2464179020072
2015-10-28,2015-10-21,1011.0,1005.3546686195423
2015-10-29,2015-10-22,991.7999877929688,1011.5507036312513
2015-10-30,2015-10-23,988.5999755859376,999.3585175106392
2015-11-02,2015-10-26,978.4000244140624,994.8388617525883
2015-11-03,2015-10-27,961.2000122070312,987.4460406616774
2015-11-04,2015-10-28,954.0999755859376,1010.0242032294566
2015-11-05,2015-10-29,952.4000244140624,990.8427224679145
2015-11-06,2015-10-30,939.5999755859376,987.6457988449154
2015-11-09,2015-11-02,914.4000244140624,977.4556924498894
2015-11-10,2015-11-03,899.5,960.2722813301214
2015-11-11,2015-11-04,882.7999877929688,953.1790975138107
2015-11-12,2015-11-05,875.7999877929688,951.4807870987495
2015-11-13,2015-11-06,863.5,938.6930926061475
2015-11-16,2015-11-09,865.2999877929688,913.517463891859
2015-11-17,2015-11-10,854.5999755859375,898.6318206644887
2015-11-18,2015-11-11,847.5,881.9479269537367
2015-11-19,2015-11-12,857.5999755859375,874.954683204608
2015-11-20,2015-11-13,855.2999877929688,862.6665670976461
2015-11-23,2015-11-16,846.7999877929688,864.4648175807831
2015-11-24,2015-11-17,840.5,853.7751327972767
2015-11-25,2015-11-18,842.5,846.6820099562169
2015-11-27,2015-11-19,833.0,856.7722372612914
2015-11-30,2015-11-20,832.2999877929688,854.4744693674636
2015-12-01,2015-11-23,835.4000244140625,845.9826733860211
2015-12-02,2015-11-24,832.4000244140625,839.0464023479653
2015-12-03,2015-11-25,847.5,841.0429434649319
2015-12-04,2015-11-27,880.5,831.5593731592392
2015-12-07,2015-11-30,863.0999755859375,830.8605715823626
2015-12-08,2015-12-01,846.4000244140625,833.9552468714893
2015-12-09,2015-12-02,865.5999755859375,830.9604351959734
2015-12-10,2015-12-03,855.7000122070312,846.0342962572956
2015-12-11,2015-12-04,843.5,878.9772246851746
2015-12-14,2015-12-07,850.0,861.6072925971814
2015-12-15,2015-12-08,855.5999755859375,844.936223014822
2015-12-16,2015-12-09,875.7999877929688,864.1029689932295
2015-12-17,2015-12-10,844.5,854.2201270225403
2015-12-18,2015-12-11,860.5999755859375,842.0412140234105
2015-12-21,2015-12-14,881.0999755859375,848.5299726534514
2015-12-22,2015-12-15,872.7999877929688,854.1202634089361
2015-12-23,2015-12-16,867.9000244140625,874.285340874854
2015-12-24,2015-12-17,883.4000244140625,843.0394845818857
2015-12-28,2015-12-18,880.0,859.1116162011173
2015-12-29,2015-12-21,890.5999755859375,879.576162648361
2015-12-30,2015-12-22,871.0999755859375,871.2905291996755
2015-12-31,2015-12-23,891.7000122070312,866.3990400212589
2016-01-04,2015-12-24,883.2000122070312,881.4941203360768
2016-01-05,2015-12-28,888.5999755859375,877.3740710897123
2016-01-06,2015-12-29,873.7000122070312,884.8574319522497
2016-01-07,2015-12-30,876.4000244140625,866.6152052640288
2016-01-08,2015-12-31,877.0999755859375,888.4197075833835
2016-01-11,2016-01-04,845.0,879.0819431480289
2016-01-12,2016-01-05,837.5,885.9461551952213
2016-01-13,2016-01-06,850.2000122070312,873.8679874256898
2016-01-14,2016-01-07,834.0,875.154855409286
2016-01-15,2016-01-08,825.7000122070312,874.3022150696875
2016-01-19,2016-01-11,828.7000122070312,842.7372883829446
2016-01-20,2016-01-12,817.9000244140625,835.1586362684993
2016-01-21,2016-01-13,818.0999755859375,845.6580530824579
2016-01-22,2016-01-14,829.7000122070312,829.4225379801711
2016-01-25,2016-01-15,859.7000122070312,822.6193921715712
2016-01-26,2016-01-19,875.2000122070312,826.1827047324429
2016-01-27,2016-01-20,880.4000244140625,812.703272937658
2016-01-28,2016-01-21,865.9000244140625,814.3064838956067
2016-01-29,2016-01-22,872.2999877929688,827.5439270758209
2016-02-01,2016-01-25,868.7999877929688,857.6152145873715
2016-02-02,2016-01-26,854.4000244140625,871.5998487436732
2016-02-03,2016-01-27,878.7999877929688,879.5553487873691
2016-02-04,2016-01-28,904.4000244140624,864.7372430684552
2016-02-05,2016-01-29,902.0,873.3630021513657
2016-02-08,2016-02-01,927.0,866.8177713523321
2016-02-09,2016-02-02,937.7000122070312,855.5263239931178
2016-02-10,2016-02-03,933.2999877929688,880.6227787866651
2016-02-11,2016-02-04,962.4000244140624,906.6716556923194
2016-02-12,2016-02-05,957.2999877929688,903.9895823659124
2016-02-16,2016-02-08,936.7000122070312,931.3222346987025
2016-02-17,2016-02-09,948.7999877929688,941.1010164626257
2016-02-18,2016-02-10,944.7000122070312,932.9630089744307
2016-02-19,2016-02-11,944.5999755859376,960.7833252161572
2016-02-22,2016-02-12,926.7999877929688,956.6291696902522
2016-02-23,2016-02-16,942.7000122070312,933.6062914823758
2016-02-24,2016-02-17,943.4000244140624,942.3580002486981
2016-02-25,2016-02-18,926.0999755859376,938.3285042130686
2016-02-26,2016-02-19,914.5,938.1616792832151
2016-02-29,2016-02-22,933.7000122070312,919.7798765034951
2016-03-01,2016-02-23,936.0999755859376,934.6803280630795
2016-03-02,2016-02-24,935.7000122070312,938.4020228300866
2016-03-03,2016-02-25,942.2000122070312,923.9935625669393
2016-03-04,2016-02-26,985.7999877929688,910.4989431333058
2016-03-07,2016-02-29,1001.5,926.1109620697287
2016-03-08,2016-03-01,988.9000244140624,927.7821905095241
2016-03-09,2016-03-02,982.2999877929688,926.8990818790458
2016-03-10,2016-03-03,977.2000122070312,931.2886189474033
2016-03-11,2016-03-04,969.2000122070312,977.064240659093
2016-03-14,2016-03-07,964.9000244140624,994.8736566073093
2016-03-15,2016-03-08,959.2999877929688,983.0915354764232
2016-03-16,2016-03-09,958.2000122070312,979.0713299916245
2016-03-17,2016-03-10,988.5999755859376,974.5685206602634
2016-03-18,2016-03-11,970.0,966.6950973383694
2016-03-21,2016-03-14,981.2999877929688,965.1799433297912
2016-03-22,2016-03-15,996.2999877929688,959.4176705605469
2016-03-23,2016-03-16,960.2999877929688,956.291783484409
2016-03-24,2016-03-17,951.9000244140624,988.1017438520655
2016-03-28,2016-03-18,944.2000122070312,969.9193357003878
2016-03-29,2016-03-21,964.7000122070312,981.83922482125
2016-03-30,2016-03-22,964.2999877929688,991.7524652276187
2016-03-31,2016-03-23,976.5999755859376,957.1324285925701
2016-04-01,2016-03-24,953.5999755859376,948.4266028132672
2016-04-04,2016-03-28,942.5,936.7710645108834
2016-04-05,2016-03-29,950.0,956.1815471449247
2016-04-06,2016-03-30,942.9000244140624,956.9306062106024
2016-04-07,2016-03-31,953.7999877929688,969.9071590070263
2016-04-08,2016-04-01,967.5,948.2121376353558
2016-04-11,2016-04-04,989.4000244140624,937.7801620456017
2016-04-12,2016-04-05,998.5,949.0733162698209
2016-04-13,2016-04-06,1002.2000122070312,943.7103851112572
2016-04-14,2016-04-07,992.0999755859376,954.0406970706681
2016-04-15,2016-04-08,988.5,967.0246182316366
2016-04-18,2016-04-11,976.4000244140624,987.3045435346517
2016-04-19,2016-04-12,1014.0,995.6100562582113
2016-04-20,2016-04-13,1026.699951171875,998.8181988649922
2016-04-21,2016-04-14,1030.5999755859375,988.8875785121131
2016-04-22,2016-04-15,1010.0,985.5554616598406
2016-04-25,2016-04-18,1016.7000122070312,977.818115724131
2016-04-26,2016-04-19,1018.9000244140624,1013.1344631626478
2016-04-27,2016-04-20,1024.0999755859375,1025.8383991647056
2016-04-28,2016-04-21,1048.9000244140625,1032.1607754659851
2016-04-29,2016-04-22,1077.9000244140625,1007.6916738005846
2016-05-02,2016-04-25,1084.9000244140625,1015.0143070464823
2016-05-03,2016-04-26,1070.0999755859375,1015.7815183761879
2016-05-04,2016-04-27,1054.4000244140625,1023.8927082768116
2016-05-05,2016-04-28,1063.199951171875,1047.4280681485727
2016-05-06,2016-04-29,1083.699951171875,1077.0058394671814
2016-05-09,2016-05-02,1045.699951171875,1080.968079800095
2016-05-10,2016-05-03,1048.5,1062.5983649198474
2016-05-11,2016-05-04,1064.4000244140625,1047.5972337105754
2016-05-12,2016-05-05,1052.5,1055.6613150123594
2016-05-13,2016-05-06,1051.9000244140625,1077.8922800586615
2016-05-16,2016-05-09,1053.0999755859375,1041.720737374621
2016-05-17,2016-05-10,1053.699951171875,1045.6518054058017
2016-05-18,2016-05-11,1042.0,1059.6968251377148
2016-05-19,2016-05-12,1012.5,1048.217049103002
2016-05-20,2016-05-13,1022.5,1046.847563994132
2016-05-23,2016-05-16,1012.2999877929688,1049.2969148410666
2016-05-24,2016-05-17,1003.7000122070312,1046.991003691001
2016-05-25,2016-05-18,994.2000122070312,1038.3544663902412
2016-05-26,2016-05-19,995.2999877929688,1008.5483984216744
2016-05-31,2016-05-20,978.7000122070312,1017.9023098873934
2016-06-01,2016-05-23,970.2000122070312,1004.3303939989584
2016-06-02,2016-05-24,958.4000244140624,996.1371687212393
2016-06-03,2016-05-25,980.9000244140624,987.8362251084116
2016-06-06,2016-05-26,995.5,989.9919276102302
2016-06-07,2016-05-31,998.4000244140624,973.4010328123728
2016-06-08,2016-06-01,1011.2999877929688,968.9674949778337
2016-06-09,2016-06-02,1003.4000244140624,959.119584954399
2016-06-10,2016-06-03,993.7999877929688,981.2092776587659
2016-06-13,2016-06-06,994.9000244140624,991.8881757568248
2016-06-14,2016-06-07,971.5,997.327413174175
2016-06-15,2016-06-08,974.4000244140624,1013.9928843739431
2016-06-16,2016-06-09,977.9000244140624,1003.4499692381831
2016-06-17,2016-06-10,965.7000122070312,993.9548027928297
2016-06-20,2016-06-13,986.7999877929688,997.7060532970779
2016-06-21,2016-06-14,981.0999755859376,972.6877146610605
2016-06-22,2016-06-15,983.0999755859376,975.7079855448553
2016-06-23,2016-06-16,965.9000244140624,978.2395802209153
2016-06-24,2016-06-17,986.7000122070312,968.100881853396
2016-06-27,2016-06-20,978.7999877929688,989.2464633540918
2016-06-28,2016-06-21,978.5,980.6765834521348
2016-06-29,2016-06-22,1011.2999877929688,986.8663381893207
2016-06-30,2016-06-23,1021.5,968.9590410330833
2016-07-01,2016-06-24,1054.699951171875,989.5112012328538
2016-07-05,2016-06-27,1072.4000244140625,978.0493467896567
2016-07-06,2016-06-28,1086.9000244140625,976.4629526715356
2016-07-07,2016-06-29,1091.0999755859375,1006.6083085000882
2016-07-08,2016-06-30,1097.0,1017.4392011154891
2016-07-11,2016-07-01,1104.699951171875,1049.020781766952
2016-07-12,2016-07-05,1094.4000244140625,1070.2655489475667
2016-07-13,2016-07-06,1096.699951171875,1089.480058529054
2016-07-14,2016-07-07,1100.9000244140625,1094.5388447950659
2016-07-15,2016-07-08,1090.5,1101.6633793115723
2016-07-18,2016-07-11,1098.5,1108.093388094209
2016-07-19,2016-07-12,1094.699951171875,1094.959818327643
2016-07-20,2016-07-13,1087.5999755859375,1096.1148286796513
2016-07-21,2016-07-14,1105.199951171875,1097.849337618388
2016-07-22,2016-07-15,1085.5999755859375,1088.3280769979935
2016-07-25,2016-07-18,1085.0,1096.4346707858144
2016-07-26,2016-07-19,1096.4000244140625,1090.2999919345102
2016-07-27,2016-07-20,1125.0,1086.5832698288004
2016-07-28,2016-07-21,1135.5999755859375,1101.7589674931305
2016-07-29,2016-07-22,1147.300048828125,1081.0532293170209
2016-08-01,2016-07-25,1160.0,1076.4599906173762
2016-08-02,2016-07-26,1168.800048828125,1086.1101539132142
2016-08-03,2016-07-27,1166.9000244140625,1112.9539527842712
2016-08-04,2016-07-28,1161.9000244140625,1122.4750368148975
2016-08-05,2016-07-29,1148.0,1138.829546668222
2016-08-08,2016-08-01,1152.0,1152.5571564131055
2016-08-09,2016-08-02,1156.5,1164.9186390069644
2016-08-10,2016-08-03,1180.5999755859375,1163.7168005335493
2016-08-11,2016-08-04,1154.199951171875,1161.7936606885355
2016-08-12,2016-08-05,1126.800048828125,1147.1387374428782
2016-08-15,2016-08-08,1113.800048828125,1150.5175433637244
2016-08-16,2016-08-09,1121.800048828125,1153.2196957953456
2016-08-17,2016-08-10,1112.5,1178.327305906748
2016-08-18,2016-08-11,1131.0,1152.0524789217243
2016-08-19,2016-08-12,1116.199951171875,1127.3462317917968
2016-08-22,2016-08-15,1106.5,1112.2608771460427
2016-08-23,2016-08-16,1108.800048828125,1119.7101244496325
2016-08-24,2016-08-17,1079.699951171875,1107.231831846008
2016-08-25,2016-08-18,1074.5,1125.125197653187
2016-08-26,2016-08-19,1075.199951171875,1111.2338970159085
2016-08-29,2016-08-22,1078.300048828125,1099.997141685903
2016-08-30,2016-08-23,1053.800048828125,1097.9246328999486
2016-08-31,2016-08-24,1050.800048828125,1072.7028625249995
2016-09-01,2016-08-25,1046.199951171875,1069.578902204689
2016-09-02,2016-08-26,1059.5,1070.547188890541
2016-09-06,2016-08-29,1100.0,1074.716050283444
2016-09-07,2016-08-30,1091.199951171875,1050.8977158430646
2016-09-08,2016-08-31,1083.0999755859375,1049.1589359964235
2016-09-09,2016-09-01,1065.9000244140625,1044.7985422782576
2016-09-12,2016-09-02,1041.300048828125,1058.9142141714221
2016-09-13,2016-09-06,1034.4000244140625,1097.1105537718017
2016-09-14,2016-09-07,1039.300048828125,1092.9876474255707
2016-09-15,2016-09-08,1032.199951171875,1086.5821993670995
2016-09-16,2016-09-09,1016.0,1072.1322168899014
2016-09-19,2016-09-12,1022.0999755859376,1044.6329677214933
2016-09-20,2016-09-13,1030.5,1033.1204078063329
2016-09-21,2016-09-14,1047.5,1035.8951396043567
2016-09-22,2016-09-15,1062.4000244140625,1030.2763132856167
2016-09-23,2016-09-16,1056.5999755859375,1014.5439344703224
2016-09-26,2016-09-19,1042.5,1022.9607304154088
2016-09-27,2016-09-20,1024.800048828125,1031.3286941216943
2016-09-28,2016-09-21,1021.9000244140624,1048.5574647195228
2016-09-29,2016-09-22,1030.800048828125,1066.2530075603747
2016-09-30,2016-09-23,1028.5999755859375,1060.2766102362386
2016-10-03,2016-09-26,1003.7000122070312,1045.2412603633184
2016-10-04,2016-09-27,984.7000122070312,1024.4524888453197
2016-10-05,2016-09-28,972.2999877929688,1020.70454238015
2016-10-06,2016-09-29,962.2999877929688,1025.9241160325587
2016-10-07,2016-09-30,958.7999877929688,1022.7584520039179
2016-10-11,2016-10-03,945.7999877929688,998.9096241084604
2016-10-12,2016-10-04,938.4000244140624,981.865710488977
2016-10-13,2016-10-05,928.9000244140624,974.3409617845775
2016-10-14,2016-10-06,935.9000244140624,964.2321311569061
2016-10-17,2016-10-07,932.7000122070312,960.793026278818
2016-10-18,2016-10-11,943.0,946.8023839119448
2016-10-19,2016-10-12,940.0999755859376,937.4203512096253
2016-10-20,2016-10-13,931.2000122070312,926.3338926394172
2016-10-21,2016-10-14,928.5999755859376,933.7554273578462
2016-10-24,2016-10-17,935.4000244140624,929.8448923592598
2016-10-25,2016-10-18,961.9000244140624,938.262536970462
2016-10-26,2016-10-19,960.5,936.4545965466698
2016-10-27,2016-10-20,961.7000122070312,930.1587540601372
2016-10-28,2016-10-21,978.2000122070312,928.5912990595367
2016-10-31,2016-10-24,975.7999877929688,937.7103610238001
2016-11-01,2016-10-25,995.0999755859376,962.911901555078
2016-11-02,2016-10-26,998.2000122070312,962.2301673851196
2016-11-03,2016-10-27,991.5999755859376,964.1763399060372
2016-11-04,2016-10-28,1001.7000122070312,982.294424932444
2016-11-07,2016-10-31,998.5999755859376,981.9004227632885
2016-11-08,2016-11-01,1005.7999877929688,1001.9206616000678
2016-11-09,2016-11-02,1000.5,1003.2424796266525
2016-11-10,2016-11-03,979.5,996.5108725508576
2016-11-14,2016-11-04,931.7000122070312,1004.399756985543
2016-11-15,2016-11-07,932.7999877929688,999.4766978958424
2016-11-16,2016-11-08,944.5,1006.5720807817132
2016-11-17,2016-11-09,942.5999755859376,999.0590833013955
2016-11-18,2016-11-10,919.5,977.2562719643954
2016-11-21,2016-11-14,933.7000122070312,928.3558738249226
2016-11-22,2016-11-15,941.4000244140624,928.6491205593609
2016-11-23,2016-11-16,929.5999755859376,937.3867980199858
2016-11-25,2016-11-17,906.7999877929688,937.5462460490583
2016-11-28,2016-11-18,921.2999877929688,913.1146307339575
2016-11-29,2016-11-21,918.9000244140624,929.5050639631288
2016-11-30,2016-11-22,908.0999755859376,933.3344118551845
2016-12-01,2016-11-23,909.5999755859376,923.3570094968852
2016-12-02,2016-11-25,931.0,902.650857561968
2016-12-05,2016-11-28,937.0,919.32951116917
2016-12-06,2016-11-29,934.0999755859376,912.2048211151455
2016-12-07,2016-11-30,941.7000122070312,903.3892573277321
2016-12-08,2016-12-01,942.4000244140624,905.0838960590779
2016-12-09,2016-12-02,913.7000122070312,929.6338029238349
2016-12-12,2016-12-05,932.5,934.5892551902228
2016-12-13,2016-12-06,935.5,934.1342779385313
2016-12-14,2016-12-07,939.5999755859376,946.5710601208266
2016-12-15,2016-12-08,892.4000244140625,947.8106580830115
2016-12-16,2016-12-09,933.0,916.4877278611608
2016-12-19,2016-12-12,916.2000122070312,936.9251899331175
2016-12-20,2016-12-13,922.9000244140624,936.8747271594473
2016-12-21,2016-12-14,913.2999877929688,937.4649562363961
2016-12-22,2016-12-15,906.4000244140624,888.3737722147767
2016-12-23,2016-12-16,892.4000244140625,934.389341285495
2016-12-27,2016-12-19,903.2999877929688,914.2967121646241
2016-12-28,2016-12-20,898.7999877929688,921.1503663210956
2016-12-29,2016-12-21,897.7999877929688,910.8940147448615
2016-12-30,2016-12-22,901.5999755859376,910.1831621964624
2017-01-03,2016-12-23,939.2999877929688,889.9349236793607
2017-01-04,2016-12-27,943.2999877929688,898.5233061529639
2017-01-05,2016-12-28,972.0999755859376,894.0072246797636
2017-01-06,2016-12-29,966.5,895.7507083713417
2017-01-09,2016-12-30,978.5,899.5420224872771
2017-01-10,2017-01-03,978.4000244140624,937.1559823813021
2017-01-11,2017-01-04,972.2000122070312,941.1468521651329
2017-01-12,2017-01-05,980.9000244140624,969.8811024282969
2017-01-13,2017-01-06,982.4000244140624,964.2939090896797
2017-01-17,2017-01-09,979.0999755859376,976.2665184401966
2017-01-18,2017-01-10,968.0,976.1667710539468
2017-01-19,2017-01-11,952.7999877929688,969.9809107103883
2017-01-20,2017-01-12,972.2000122070312,978.661064668594
2017-01-23,2017-01-13,976.0999755859376,980.1576408373749
2017-01-24,2017-01-17,1003.7999877929688,976.8651245493775
2017-01-25,2017-01-18,978.0,965.7904852585147
2017-01-26,2017-01-19,977.9000244140624,950.6251679015589
2017-01-27,2017-01-20,979.4000244140624,969.9809107103883
2017-01-30,2017-01-23,989.7999877929688,973.871972211786
2017-01-31,2017-01-24,993.0,1001.5087576405667
2017-02-01,2017-01-25,996.2999877929688,975.7676597172662
2017-02-02,2017-01-26,996.0999755859376,975.6679123310157
2017-02-03,2017-01-27,1003.2000122070312,977.1644884998074
2017-02-06,2017-01-30,1010.5999755859376,987.5407133991108
2017-02-07,2017-01-31,1009.5,990.947266356801
2017-02-08,2017-02-01,1016.4000244140624,994.2404324084812
2017-02-09,2017-02-02,1019.2000122070312,994.0408336670805
2017-02-10,2017-02-03,1008.7999877929688,1001.1261930783639
2017-02-13,2017-02-06,998.2000122070312,1008.5108592381595
2017-02-14,2017-02-07,1000.0999755859376,1007.4131575239617
2017-02-15,2017-02-08,1007.7999877929688,1014.2989181936591
2017-02-16,2017-02-09,1013.0,1017.0931178461968
2017-02-17,2017-02-10,1003.5,1006.7145923835694
2017-02-21,2017-02-13,1003.5,996.1365290883097
2017-02-22,2017-02-14,1000.5,998.0325648591454
2017-02-23,2017-02-15,1009.7999877929688,1005.7166595855745
2017-02-24,2017-02-16,1026.5,1010.9059223169252
2017-02-27,2017-02-17,1037.4000244140625,1001.4255607359682
2017-02-28,2017-02-21,1029.5,1001.4255607359682
2017-03-01,2017-02-22,1017.4000244140624,998.4317623419436
2017-03-02,2017-02-23,988.4000244140624,1007.7125251815628
2017-03-03,2017-02-24,992.5999755859376,1024.3780150895554
2017-03-06,2017-02-27,976.7000122070312,1035.2555069507957
2017-03-07,2017-02-28,959.5999755859376,1027.3718134834255
2017-03-08,2017-03-01,948.2000122070312,1015.2968509916377
2017-03-09,2017-03-02,935.9000244140624,986.6699775360079
2017-03-10,2017-03-03,936.9000244140624,990.862577327061
2017-03-13,2017-03-06,939.9000244140624,974.9904444348348
2017-03-14,2017-03-07,937.7000122070312,957.920338847017
2017-03-15,2017-03-08,935.5999755859376,946.5403293831416
2017-03-16,2017-03-09,957.2999877929688,934.2618708617779
2017-03-17,2017-03-10,962.0,935.260120512768
2017-03-20,2017-03-13,971.4000244140624,938.2548694657245
2017-03-21,2017-03-14,970.5999755859376,936.0587080478938
2017-03-22,2017-03-15,961.0999755859376,933.9623472238222
2017-03-23,2017-03-16,963.0999755859376,955.6243768355093
2017-03-24,2017-03-17,967.2000122070312,960.3161623806013
2017-03-27,2017-03-20,968.4000244140624,969.6997334706552
2017-03-28,2017-03-21,956.9000244140624,968.9010850072609
2017-03-29,2017-03-22,952.0999755859376,959.4177133234281
2017-03-30,2017-03-23,951.5999755859376,961.4142126253018
2017-03-31,2017-03-24,948.2000122070312,965.5070727511139
2017-04-03,2017-03-27,954.7000122070312,966.704984517889
2017-04-04,2017-03-28,961.2000122070312,955.2251135321246
2017-04-05,2017-03-29,956.4000244140624,950.4334664648958
2017-04-06,2017-03-30,955.7000122070312,949.9343416394169
2017-04-07,2017-03-31,959.0,946.2214506561504
2017-04-10,2017-04-03,937.5,952.7078874462313
2017-04-11,2017-04-04,965.9000244140624,959.1943242362114
2017-04-12,2017-04-05,964.9000244140624,954.4043523267183
2017-04-13,2017-04-06,973.7000122070312,953.7058007985422
2017-04-17,2017-04-07,987.5,956.9989026795927
2017-04-18,2017-04-10,975.7999877929688,935.5437656045377
2017-04-19,2017-04-11,967.5,963.8845291735402
2017-04-20,2017-04-12,978.0,962.886615821253
2017-04-21,2017-04-13,974.5,971.6682411397417
2017-04-24,2017-04-17,957.2000122070312,985.439433219269
2017-04-25,2017-04-18,954.5999755859376,973.7638348163807
2017-04-26,2017-04-19,945.9000244140624,965.4811661740761
2017-04-27,2017-04-20,946.4000244140624,975.9592563729143
2017-04-28,2017-04-21,946.2999877929688,972.4665596399959
2017-05-01,2017-04-24,929.7999877929688,955.202670827005
2017-05-02,2017-04-25,923.5999755859376,952.6080595663218
2017-05-03,2017-04-26,902.0,943.9262621273483
2017-05-04,2017-04-27,905.2999877929688,944.4252188035146
2017-05-05,2017-04-28,907.7000122070312,944.3253909236028
2017-05-08,2017-05-01,917.0999755859376,927.85982060977
2017-05-09,2017-05-02,898.4000244140625,921.6627876821124
2017-05-10,2017-05-03,907.4000244140624,900.1081165167493
2017-05-11,2017-05-04,915.2000122070312,903.4011828188834
2017-05-12,2017-05-05,915.0,905.7961733515829
2017-05-15,2017-05-08,926.2000122070312,915.1764209723667
2017-05-16,2017-05-09,934.5,896.5156916247744
2017-05-17,2017-05-10,943.5999755859376,905.4968147617808
2017-05-18,2017-05-11,934.2999877929688,913.2804426322416
2017-05-19,2017-05-12,937.7000122070312,913.0808499366644
2017-05-22,2017-05-15,947.7999877929688,924.2573709102627
2017-05-23,2017-05-16,946.9000244140624,932.5399500656745
2017-05-24,2017-05-17,944.5999755859376,941.6208390960182
2017-05-25,2017-05-18,949.7999877929688,932.3403573701086
2017-05-26,2017-05-19,959.7999877929688,935.7332504733068
2017-05-30,2017-05-22,939.2999877929688,945.8120420742379
2017-05-31,2017-05-23,948.5,944.9139663049269
2017-06-01,2017-05-24,927.2999877929688,942.6187416666871
2017-06-02,2017-05-25,951.7000122070312,947.8078472155515
2017-06-05,2017-05-26,956.2999877929688,957.7868729219746
2017-06-06,2017-05-30,962.0999755859376,937.3298702235431
2017-06-07,2017-05-31,946.4000244140624,946.5105860551262
2017-06-08,2017-06-01,936.9000244140624,925.3255826734676
2017-06-09,2017-06-02,939.0999755859376,949.6736546682624
2017-06-12,2017-06-05,943.2999877929688,954.2638360072635
2017-06-13,2017-06-06,923.0,960.0514744927306
2017-06-14,2017-06-07,950.7000122070312,944.3849515849485
2017-06-15,2017-06-08,920.2999877929688,934.9051789411178
2017-06-16,2017-06-09,925.9000244140624,937.1004459871283
2017-06-19,2017-06-12,926.0,941.2915155475507
2017-06-20,2017-06-13,920.5999755859376,921.0347503944827
2017-06-21,2017-06-14,926.0999755859376,948.6757838636727
2017-06-22,2017-06-15,924.7000122070312,918.3404870408432
2017-06-23,2017-06-16,928.5,923.9286000900734
2017-06-26,2017-06-19,915.7000122070312,924.0283628084587
2017-06-27,2017-06-20,917.7999877929688,918.639836101204
2017-06-28,2017-06-21,920.7000122070312,924.128125526844
2017-06-29,2017-06-22,919.0,922.7311429434453
2017-06-30,2017-06-23,923.7000122070312,926.5230398200872
2017-07-03,2017-06-26,903.7999877929688,913.7503057014119
2017-07-05,2017-06-27,905.7000122070312,915.8458100291596
2017-07-06,2017-06-28,907.2000122070312,918.7396597247913
2017-07-07,2017-06-29,901.0999755859376,917.0432671758097
2017-07-10,2017-06-30,899.2999877929688,921.6976022139158
2017-07-11,2017-07-03,896.0,901.8407173039731
2017-07-12,2017-07-05,916.2999877929688,903.7366228230857
2017-07-13,2017-07-06,904.5,905.2333711056905
2017-07-14,2017-07-07,920.9000244140624,899.1465582146842
2017-07-17,2017-07-10,927.5999755859376,897.3504724560946
2017-07-18,2017-07-11,927.7000122070312,894.0576384148467
2017-07-19,2017-07-12,921.5999755859376,914.3136196588816
2017-07-20,2017-07-13,930.5,902.5392120164285
2017-07-21,2017-07-14,934.7000122070312,918.903684267082
2017-07-24,2017-07-17,929.4000244140624,925.589111206771
2017-07-25,2017-07-18,928.9000244140624,925.6889309673112
2017-07-26,2017-07-19,919.5,919.6021180766601
2017-07-27,2017-07-20,923.2000122070312,928.4828489140928
2017-07-28,2017-07-21,933.2000122070312,932.6737562856474
2017-07-31,2017-07-24,937.7000122070312,927.3852578680592
2017-08-01,2017-07-25,946.5,926.8863417738894
2017-08-02,2017-07-26,950.7999877929688,917.5066948422356
2017-08-03,2017-07-27,961.5999755859376,921.1986861197388
2017-08-04,2017-07-28,966.0,931.177008003158
2017-08-07,2017-07-31,968.5999755859376,935.6672528506093
2017-08-08,2017-08-01,971.7000122070312,944.415238980823
2017-08-09,2017-08-02,973.2999877929688,948.7057556306977
2017-08-10,2017-08-03,983.4000244140624,959.4819553955085
2017-08-11,2017-08-04,987.2000122070312,963.872288325879
2017-08-14,2017-08-07,972.4000244140624,966.4665372115272
2017-08-15,2017-08-08,964.9000244140624,969.5597456990155
2017-08-16,2017-08-09,972.0,971.1561971823598
2017-08-17,2017-08-10,978.9000244140624,981.2339874855845
2017-08-18,2017-08-11,979.5999755859376,985.0256054339545
2017-08-21,2017-08-14,982.7000122070312,970.2582160607501
2017-08-22,2017-08-15,978.5,962.7747355436509
2017-08-23,2017-08-16,978.0999755859376,969.8590727395531
2017-08-24,2017-08-17,979.7999877929688,976.743899175459
2017-08-25,2017-08-18,976.2999877929688,977.4423086364618
2017-08-28,2017-08-21,986.5,980.5355171238689
2017-08-29,2017-08-22,1000.7000122070312,976.3447558542686
2017-08-30,2017-08-23,993.5,975.9456125330785
2017-08-31,2017-08-24,996.7999877929688,977.6418802970561
2017-09-01,2017-08-25,1007.2999877929688,974.1495893891554
2017-09-05,2017-08-28,1007.4000244140624,984.3271350722446
2017-09-06,2017-08-29,1005.5999755859376,998.4958703639344
2017-09-07,2017-08-30,1015.2999877929688,991.4753009130942
2017-09-08,2017-08-31,1011.0999755859376,994.7685635168268
2017-09-11,2017-09-01,997.9000244140624,1005.247165108136
2017-09-12,2017-09-05,985.5999755859376,1005.3469978602275
2017-09-13,2017-09-06,982.2999877929688,1003.5506174302607
2017-09-14,2017-09-07,980.0999755859376,1013.2308615585081
2017-09-15,2017-09-08,971.0,1009.0394087399247
2017-09-18,2017-09-11,960.2999877929688,995.8663583252456
2017-09-19,2017-09-12,950.4000244140624,983.5913763036936
2017-09-20,2017-09-13,944.9000244140624,980.2981136998834
2017-09-21,2017-09-14,939.4000244140624,978.1025849937405
2017-09-22,2017-09-15,931.7999877929688,969.0211546450714
2017-09-25,2017-09-18,940.0,958.3429484595109
2017-09-26,2017-09-19,924.5,948.4631606474466
2017-09-27,2017-09-20,921.2999877929688,942.974369337054
2017-09-28,2017-09-21,921.0,937.485578026588
2017-09-29,2017-09-22,910.2999877929688,929.9010298509958
2017-10-02,2017-09-25,911.5999755859376,938.0843308961523
2017-10-03,2017-09-26,911.0999755859376,922.6159190208211
2017-10-04,2017-09-27,910.5999755859376,919.4224282578781
2017-10-05,2017-09-28,914.2000122070312,919.1230518230811
2017-10-06,2017-09-29,912.9000244140624,908.772497077427
2017-10-09,2017-10-02,914.4000244140624,910.0703034830359
2017-10-10,2017-10-03,933.0999755859376,909.5711424860531
2017-10-11,2017-10-04,930.4000244140624,909.0719814890703
2017-10-12,2017-10-05,939.0999755859376,912.665977226981
2017-10-13,2017-10-06,945.2000122070312,911.3681708213791
2017-10-16,2017-10-09,939.4000244140624,912.8656538123204
2017-10-17,2017-10-10,932.0999755859376,931.5342263527809
2017-10-18,2017-10-11,921.9000244140624,928.838805715383
2017-10-19,2017-10-12,923.2000122070312,937.5241583162572
2017-10-20,2017-10-13,924.0999755859376,943.6139590386931
2017-10-23,2017-10-16,924.5,937.8237036606204
2017-10-24,2017-10-17,922.7999877929688,930.535904358861
2017-10-25,2017-10-18,924.0,920.3530687669495
2017-10-26,2017-10-19,918.2000122070312,921.650875172525
2017-10-27,2017-10-20,910.5999755859376,922.5493284074267
2017-10-30,2017-10-23,918.9000244140624,922.9486815780967
2017-10-31,2017-10-24,915.7999877929688,921.2515220018535
2017-11-01,2017-10-25,933.0,922.4495205811284
2017-11-02,2017-10-26,924.0999755859376,916.6592652027995
2017-11-03,2017-10-27,918.5,909.0719814890703
2017-11-06,2017-10-30,931.0,917.1158165121512
2017-11-07,2017-10-31,922.0999755859376,914.021799156615
2017-11-08,2017-11-01,934.5999755859376,931.1884145188188
2017-11-09,2017-11-02,937.2999877929688,922.3056710655084
2017-11-10,2017-11-03,928.9000244140624,916.7165688157462
2017-11-13,2017-11-06,932.4000244140624,929.1922978701491
2017-11-14,2017-11-07,924.0999755859376,920.3095544167957
2017-11-15,2017-11-08,929.9000244140624,932.785283471089
2017-11-16,2017-11-09,933.0,935.4800531300966
2017-11-17,2017-11-10,951.4000244140624,927.0963997556945
2017-11-20,2017-11-13,920.4000244140624,930.589603890877
2017-11-21,2017-11-14,934.7999877929688,922.3056710655084
2017-11-22,2017-11-15,937.5999755859376,928.0944580800359
2017-11-24,2017-11-16,942.2999877929688,931.1884145188188
2017-11-27,2017-11-17,947.9000244140624,949.5527120527926
2017-11-28,2017-11-20,950.0999755859376,918.6129039986988
2017-11-29,2017-11-21,940.0,932.9849073192836
2017-11-30,2017-11-22,941.2999877929688,935.7794584440633
2017-12-01,2017-11-24,939.4000244140624,940.4703447516771
2017-12-04,2017-11-27,924.7999877929688,946.0595079177658
2017-12-05,2017-11-28,916.2999877929688,948.2551874978979
2017-12-06,2017-11-29,901.9000244140624,938.5785816034892
2017-12-07,2017-11-30,893.5999755859375,939.8766036257421
2017-12-08,2017-12-01,882.7999877929688,937.9795132679446
2017-12-11,2017-12-04,891.9000244140625,923.4015540265721
2017-12-12,2017-12-05,874.7999877929688,914.9144072631611
2017-12-13,2017-12-06,874.5,900.5362187234796
2017-12-14,2017-12-07,880.2999877929688,892.2487207763022
2017-12-15,2017-12-08,888.5,881.4650641353551
2017-12-18,2017-12-11,912.2999877929688,890.5513401778132
2017-12-19,2017-12-12,913.2000122070312,873.4771612985087
2017-12-20,2017-12-13,920.5999755859376,873.1776271306964
2017-12-21,2017-12-14,918.7999877929688,878.9688444988559
2017-12-22,2017-12-15,922.0999755859376,887.1564570950943
2017-12-26,2017-12-18,922.5999755859376,910.9204558450367
2017-12-27,2017-12-19,922.7999877929688,911.8191192912624
2017-12-28,2017-12-20,926.9000244140624,919.2078928490374
2017-12-29,2017-12-21,934.2000122070312,917.4106268994726
2018-01-02,2017-12-22,943.7999877929688,920.7056246308136
2018-01-03,2017-12-26,957.7999877929688,921.2048685580717
2018-01-04,2017-12-27,966.0999755859376,921.4045783175467
2018-01-05,2017-12-28,971.2000122070312,925.4984150867572
2018-01-08,2017-12-29,972.2999877929688,932.6950026257041
2018-01-09,2018-01-02,967.9000244140624,942.279512531311
2018-01-10,2018-01-03,974.4000244140624,956.2569583564893
2018-01-11,2018-01-04,986.9000244140624,964.5435747653088
2018-01-12,2018-01-05,991.2000122070312,969.6353951635537
2018-01-16,2018-01-08,1000.2000122070312,970.733598675045
2018-01-17,2018-01-09,1006.2000122070312,966.3407236922402
2018-01-18,2018-01-10,1005.0,972.8302521108322
2018-01-19,2018-01-11,1016.2000122070312,985.3101144540728
2018-01-22,2018-01-12,994.2999877929688,989.6031749127208
2018-01-23,2018-01-16,1005.2999877929688,998.588675799628
2018-01-24,2018-01-17,1013.2999877929688,1004.5790097241593
2018-01-25,2018-01-18,1029.300048828125,1003.3809307518923
2018-01-26,2018-01-19,1015.0,1014.562899598253
2018-01-30,2018-01-22,997.4000244140624,992.6981563990504
2018-01-31,2018-01-23,1001.2999877929688,1003.6804352607521
2018-02-01,2018-01-24,1004.7999877929688,1011.6675471600504
2018-02-02,2018-01-25,996.4000244140624,1027.6418318951805
2018-02-05,2018-01-26,992.5,1013.3648206260048
2018-02-06,2018-01-30,991.2999877929688,995.7931988221916
2018-02-07,2018-01-31,978.7000122070312,999.6868793110652
2018-02-08,2018-02-01,975.4000244140624,1003.1640286510786
2018-02-09,2018-02-02,958.5,994.7777416091233
2018-02-12,2018-02-05,969.7999877929688,990.884066990325
2018-02-13,2018-02-06,972.7000122070312,989.6860085740901
2018-02-14,2018-02-07,996.0999755859376,977.1065475429391
2018-02-15,2018-02-08,998.0999755859376,973.8119326000475
2018-02-16,2018-02-09,1009.2999877929688,956.9394238321562
2018-02-20,2018-02-12,1001.0,968.2210136360297
2018-02-21,2018-02-13,993.5999755859376,971.1163163973836
2018-02-22,2018-02-14,996.4000244140624,994.4781813032305
2018-02-23,2018-02-15,995.7999877929688,996.474925018343
2018-02-26,2018-02-16,998.7999877929688,1007.6567020100088
2018-02-27,2018-02-20,983.0999755859376,999.3702277795574
2018-02-28,2018-02-21,986.5999755859376,991.9822516593307
2018-03-01,2018-02-22,956.2999877929688,994.7777416091233
2018-03-02,2018-02-23,963.5999755859376,994.1786819331194
2018-03-05,2018-02-26,960.5999755859376,997.1737975057872
2018-03-06,2018-02-27,969.0999755859376,981.4993471548373
2018-03-07,2018-02-28,951.7000122070312,984.9936486563554
2018-03-08,2018-03-01,950.7999877929688,954.7429935582239
2018-03-09,2018-03-02,962.7000122070312,962.0310959316996
2018-03-12,2018-03-05,961.4000244140624,958.8525371345643
2018-03-13,2018-03-06,965.7999877929688,967.3370747036109
2018-03-14,2018-03-07,960.0,949.9687637636434
2018-03-15,2018-03-08,955.4000244140624,949.0703765925393
2018-03-16,2018-03-09,948.7000122070312,960.9487535590534
2018-03-19,2018-03-12,952.9000244140624,959.6511305862527
2018-03-20,2018-03-13,943.5,964.0430899498829
2018-03-21,2018-03-14,949.0999755859376,958.2536529699232
2018-03-22,2018-03-15,947.5999755859376,953.662045243316
2018-03-23,2018-03-16,946.9000244140624,946.974221092124
2018-03-26,2018-03-19,948.9000244140624,951.1665930170711
2018-03-27,2018-03-20,945.2000122070312,941.7836682766196
2018-03-28,2018-03-21,934.7000122070312,947.3734568938521
2018-03-29,2018-03-22,927.2999877929688,945.8761855580863
2018-04-02,2018-03-23,930.7000122070312,945.1775076740287
2018-04-03,2018-03-26,925.2999877929688,947.1738694550511
2018-04-04,2018-03-27,912.0999755859376,943.4805879753271
2018-04-05,2018-03-28,909.7999877929688,932.9996886247762
2018-04-06,2018-03-29,912.0,925.6131256650667
2018-04-09,2018-04-02,933.9000244140624,929.0069650625982
2018-04-10,2018-04-03,927.5999755859376,923.6167638839486
2018-04-11,2018-04-04,928.7999877929688,910.486713418106
2018-04-12,2018-04-05,929.0,908.190793686668
2018-04-13,2018-04-06,927.2999877929688,910.3869146621659
2018-04-16,2018-04-09,925.7000122070312,932.2482038061969
2018-04-17,2018-04-10,933.9000244140624,925.9592980750099
2018-04-18,2018-04-11,939.5,927.1571877822516
2018-04-19,2018-04-12,933.7000122070312,927.3568462213259
2018-04-20,2018-04-13,925.5999755859376,925.6598408799983
2018-04-23,2018-04-16,916.2999877929688,924.0626952218033
2018-04-24,2018-04-17,928.9000244140624,932.2482038061969
2018-04-25,2018-04-18,906.5999755859376,937.8382745369561
2018-04-26,2018-04-19,904.0,932.0485453671251
2018-04-27,2018-04-20,911.0,923.962835538665
2018-04-30,2018-04-23,899.0,914.6792969299869
2018-05-01,2018-04-24,888.7999877929688,927.2570474653891
2018-05-02,2018-04-25,888.5,904.9964414429421
2018-05-03,2018-04-26,898.7000122070312,902.4010645164473
2018-05-04,2018-04-27,905.0,909.3886833939589
2018-05-07,2018-04-30,908.0,897.4099081752959
2018-05-08,2018-05-01,907.0999755859376,887.2279370537167
2018-05-09,2018-05-02,911.5999755859376,886.9284798586785
2018-05-10,2018-05-03,920.5,895.8347836732519
2018-05-11,2018-05-04,922.4000244140624,903.0813085028176
2018-05-14,2018-05-07,911.5,906.7077765355444
2018-05-15,2018-05-08,893.7999877929688,909.883561539641
2018-05-16,2018-05-09,886.5,911.8709773130433
2018-05-17,2018-05-10,889.0,919.3993650378943
2018-05-18,2018-05-11,883.4000244140625,923.6041727594919
2018-05-21,2018-05-14,896.7000122070312,911.0226124575977
2018-05-22,2018-05-15,905.7000122070312,889.9446993038744
2018-05-23,2018-05-16,897.7000122070312,883.2989676452668
2018-05-24,2018-05-17,909.5,887.3965424265973
2018-05-25,2018-05-18,898.2000122070312,881.0452955968973
2018-05-29,2018-05-21,902.7999877929688,895.6261315447382
2018-05-30,2018-05-22,906.5,904.6027135809924
2018-05-31,2018-05-23,908.0999755859376,900.9652791624922
2018-06-01,2018-05-24,904.7000122070312,913.0949197648907
2018-06-04,2018-05-25,901.5,900.3029021931277
2018-06-05,2018-05-29,899.2999877929688,903.4350490532813
2018-06-06,2018-05-30,905.5999755859376,904.5013334024532
2018-06-07,2018-05-31,898.2999877929688,904.6036161658335
2018-06-08,2018-06-01,903.7000122070312,901.5322065572122
2018-06-11,2018-06-04,904.4000244140624,900.04066666982
2018-06-12,2018-06-05,899.5,897.8442158018709
2018-06-13,2018-06-06,900.5,904.1340052910616
2018-06-14,2018-06-07,908.9000244140624,896.8458345833767
2018-06-15,2018-06-08,885.7999877929688,902.2371175377591
2018-06-18,2018-06-11,881.9000244140625,902.9359965779674
2018-06-19,2018-06-12,862.9000244140625,898.0439042328401
2018-06-20,2018-06-13,872.0999755859375,899.0422854513309
2018-06-21,2018-06-14,861.2000122070312,907.428712061113
2018-06-22,2018-06-15,871.2999877929688,884.3660693520103
2018-06-25,2018-06-18,866.7999877929688,880.4724191615625
2018-06-26,2018-06-19,869.2999877929688,861.5031760090042
2018-06-27,2018-06-20,856.2999877929688,870.688234470744
2018-06-28,2018-06-21,850.2999877929688,859.8059157501449
2018-06-29,2018-06-22,852.4000244140625,869.8895416831687
2018-07-02,2018-06-25,809.0,865.3968261996315
2018-07-03,2018-06-26,841.7999877929688,867.8927792460472
2018-07-05,2018-06-27,837.0999755859375,854.9138234045137
2018-07-06,2018-06-28,844.2000122070312,848.923536092891
2018-07-09,2018-06-29,849.0,851.0201732137816
2018-07-10,2018-07-02,842.0,807.690403949139
2018-07-11,2018-07-03,831.0,838.087880474336
2018-07-12,2018-07-05,842.2999877929688,835.3047591219984
2018-07-13,2018-07-06,826.2000122070312,843.345212995411
2018-07-16,2018-07-09,822.2999877929688,850.0071142352093
2018-07-17,2018-07-10,815.7999877929688,843.5059048427918
2018-07-18,2018-07-11,813.7000122070312,834.9379361156049
2018-07-19,2018-07-12,800.5999755859375,844.8114975718544
2018-07-20,2018-07-13,823.5999755859375,827.4963644432232
2018-07-23,2018-07-16,825.7999877929688,825.4536708091975
2018-07-24,2018-07-17,829.5999755859375,810.3149202434543
2018-07-25,2018-07-18,833.7999877929688,811.8657056928666
2018-07-26,2018-07-19,832.4000244140625,799.4130098575381
2018-07-27,2018-07-20,826.4000244140625,820.6582029356452
2018-07-30,2018-07-23,826.5999755859375,827.5772080785541
2018-07-31,2018-07-24,840.9000244140625,832.5558748368085
2018-08-01,2018-07-25,812.4000244140625,838.619049081002
2018-08-02,2018-07-26,823.4000244140625,837.5004434450468
2018-08-03,2018-07-27,832.0999755859375,829.5555034306611
2018-08-06,2018-07-30,821.5,824.1896043832496
2018-08-07,2018-07-31,826.5999755859375,839.9885631498614
2018-08-08,2018-08-01,824.7000122070312,807.6936273812947
2018-08-09,2018-08-02,829.2999877929688,821.9564823053504
2018-08-10,2018-08-03,824.7999877929688,830.6411811975986
2018-08-13,2018-08-06,794.5999755859375,820.0597889103725
2018-08-14,2018-08-07,798.5,825.1508234974835
2018-08-15,2018-08-08,768.7000122070312,823.2541910306776
2018-08-16,2018-08-09,781.2999877929688,827.8461021904546
2018-08-17,2018-08-10,774.0999755859375,823.3539913448749
2018-08-20,2018-08-13,790.7000122070312,793.2069241494358
2018-08-21,2018-08-14,789.7999877929688,797.1001112539236
2018-08-22,2018-08-15,790.5,767.3523671688955
2018-08-23,2018-08-16,775.2000122070312,779.9302531675037
2018-08-24,2018-08-17,786.4000244140625,772.7428636277357
2018-08-27,2018-08-20,801.2000122070312,789.3137979730475
2018-08-28,2018-08-21,793.5,788.4153514325607
2018-08-29,2018-08-22,794.7999877929688,789.1141364164781
2018-08-30,2018-08-23,790.5,773.8409717248552
2018-08-31,2018-08-24,785.9000244140625,785.0213486834607
2018-09-04,2018-08-27,777.0,799.7953899471416
2018-09-05,2018-08-28,783.0999755859375,792.1088769805463
2018-09-06,2018-08-29,789.7000122070312,793.4065857060026
2018-09-07,2018-08-30,779.2000122070312,789.1141364164781
2018-09-10,2018-08-31,788.7999877929688,784.5369815626419
2018-09-11,2018-09-04,788.0999755859375,774.734917278714
2018-09-12,2018-09-05,798.7000122070312,781.5578217218117
2018-09-13,2018-09-06,802.0999755859375,789.7558333866763
2018-09-14,2018-09-07,797.4000244140625,777.9594357049355
2018-09-17,2018-09-10,799.7000122070312,789.0560465487881
2018-09-18,2018-09-11,813.7000122070312,790.8948084784677
2018-09-19,2018-09-12,820.7000122070312,798.1813068299908
2018-09-20,2018-09-13,833.0999755859375,801.6916638448434
2018-09-21,2018-09-14,828.5,795.8642010397044
2018-09-24,2018-09-17,828.2000122070312,798.7764558497353
2018-09-25,2018-09-18,821.7999877929688,809.0169773582226
2018-09-26,2018-09-19,824.5,819.301934455244
2018-09-27,2018-09-20,810.2999877929688,832.7286418824698
2018-09-28,2018-09-21,818.7000122070312,825.7046425609828
2018-10-01,2018-09-24,824.0,823.8345328860273
2018-10-02,2018-09-25,830.0999755859375,818.7953303844822
2018-10-03,2018-09-26,832.2000122070312,821.3802505978833
2018-10-04,2018-09-27,821.0,807.8073829791344
2018-10-05,2018-09-28,821.0999755859375,812.4772941303391
2018-10-08,2018-10-01,814.0999755859375,818.9781859701282
2018-10-09,2018-10-02,825.5999755859375,825.7168064338578
2018-10-10,2018-10-03,824.0999755859375,828.7670192200144
2018-10-11,2018-10-04,842.7999877929688,817.5215174069551
2018-10-12,2018-10-05,836.2000122070312,818.073137368405
2018-10-15,2018-10-08,842.5,809.3801809383497
2018-10-16,2018-10-09,843.0999755859375,820.8752072422508
2018-10-17,2018-10-10,836.9000244140625,820.6155165037571
2018-10-18,2018-10-11,827.7999877929688,838.0426893077686
2018-10-19,2018-10-12,832.2999877929688,832.8116591410893
2018-10-22,2018-10-15,819.0,839.6783462768667
2018-10-23,2018-10-16,832.4000244140625,840.3428178049683
2018-10-24,2018-10-17,828.7000122070312,834.5730086164006
2018-10-25,2018-10-18,828.7000122070312,825.7031586231894
2018-10-26,2018-10-19,829.5,828.3129561267801
2018-10-29,2018-10-22,832.0,816.0878441030317
2018-10-30,2018-10-23,834.5999755859375,826.793135517049
2018-10-31,2018-10-24,839.4000244140625,824.771465325189
2018-11-01,2018-10-25,858.2999877929688,825.83102905788
2018-11-02,2018-10-26,871.9000244140625,826.7112581341734
2018-11-05,2018-10-29,865.0,828.7556005533344
2018-11-06,2018-10-30,867.7000122070312,834.3912205809943
2018-11-07,2018-10-31,875.0999755859375,837.6113063192859
2018-11-08,2018-11-01,866.7000122070312,856.4709949090568
2018-11-09,2018-11-02,852.4000244140625,870.0420505945608
2018-11-12,2018-11-05,841.7000122070312,863.1567297559164
2018-11-13,2018-11-06,837.0999755859375,865.8509883843218
2018-11-14,2018-11-07,830.7999877929688,873.235182845092
2018-11-15,2018-11-08,842.2999877929688,864.8531193297367
2018-11-16,2018-11-09,843.5999755859375,850.5836040298288
2018-11-19,2018-11-12,855.5,839.9063929640223
2018-11-20,2018-11-13,844.9000244140625,835.3161587694372
2018-11-21,2018-11-14,848.0999755859375,829.0295959058446
2018-11-23,2018-11-15,842.9000244140625,840.5050900347871
2018-11-26,2018-11-16,845.7000122070312,841.8023076248367
2018-11-27,2018-11-19,833.2000122070312,853.6769737371419
2018-11-28,2018-11-20,824.2000122070312,843.0995861199735
2018-11-29,2018-11-21,819.0999755859375,846.2927183707943
2018-11-30,2018-11-23,798.0,841.1038480106448
2018-12-03,2018-11-26,808.9000244140625,843.8978691826815
2018-12-04,2018-11-27,802.4000244140625,831.4245059991795
2018-12-06,2018-11-28,787.7999877929688,822.4436845067025
2018-12-07,2018-11-29,788.5999755859375,817.3545157844399
2018-12-10,2018-11-30,780.2999877929688,796.2187481516416
2018-12-11,2018-12-03,783.7000122070312,807.0944421668111
2018-12-12,2018-12-04,805.2999877929688,800.608951087844
2018-12-13,2018-12-06,795.7000122070312,786.0415038166021
2018-12-14,2018-12-07,783.5,786.8397059235222
2018-12-17,2018-12-10,794.0999755859375,778.5582448786109
2018-12-18,2018-12-11,793.0,781.9506799567662
2018-12-19,2018-12-12,794.5999755859375,803.5024413375936
2018-12-20,2018-12-13,794.5999755859375,793.9238942572413
2018-12-21,2018-12-14,794.5999755859375,781.7511142053027
2018-12-24,2018-12-17,788.7999877929688,792.3274291445318
2018-12-26,2018-12-18,799.5,791.2299088599078
2018-12-27,2018-12-19,795.5,792.8263130737081
2018-12-28,2018-12-20,789.5999755859375,792.8263130737081
2018-12-31,2018-12-21,795.9000244140625,792.8263130737081
2019-01-02,2018-12-24,799.0999755859375,787.0392716749816
2019-01-03,2018-12-26,794.5,797.7153999391405
2019-01-04,2018-12-27,822.0,793.7243285057885
2019-01-07,2018-12-28,818.4000244140625,787.837473781898
2019-01-08,2018-12-31,816.5,794.1234600086938
2019-01-09,2019-01-02,820.0,797.3162684362417
2019-01-10,2019-01-03,821.2999877929688,792.5292301226993
2019-01-11,2019-01-04,813.0,819.9610160420207
2019-01-14,2019-01-07,798.7999877929688,816.3699702390129
2019-01-15,2019-01-08,795.5999755859375,814.474658858438
2019-01-16,2019-01-09,803.4000244140625,817.9659770661883
2019-01-17,2019-01-10,807.7999877929688,819.2627402237305
2019-01-18,2019-01-11,797.7999877929688,810.9833406506325
2019-01-22,2019-01-14,786.5,796.8185517444794
2019-01-23,2019-01-15,792.2999877929688,793.6264772060385
2019-01-24,2019-01-16,799.0,801.4071779195747
2019-01-25,2019-01-17,813.5,805.7962271364643
2019-01-28,2019-01-18,809.7000122070312,795.8210322564566
2019-01-29,2019-01-22,809.9000244140625,784.5490742182104
2019-01-30,2019-01-23,812.0,790.3346750722452
2019-01-31,2019-01-24,820.5,797.018067818835
2019-02-01,2019-01-25,822.5999755859375,811.4821003946083
2019-02-04,2019-01-28,818.7000122070312,807.6915385171149
2019-02-05,2019-01-29,815.7999877929688,807.8910545914603
2019-02-06,2019-01-30,809.7999877929688,809.9858211626777
2019-02-07,2019-01-31,793.2999877929688,818.4647368101485
2019-02-08,2019-02-01,799.2999877929688,820.5595033812644
2019-02-11,2019-02-04,782.7000122070312,813.9323889558601
2019-02-12,2019-02-05,785.7000122070312,812.431585114902
2019-02-13,2019-02-06,788.0,807.8722469965334
2019-02-14,2019-02-07,785.7000122070312,791.7118099797767
2019-02-15,2019-02-08,803.4000244140625,796.1437739551905
2019-02-19,2019-02-11,817.2999877929688,780.1539347558132
2019-02-20,2019-02-12,830.5,781.984610644387
2019-02-21,2019-02-13,822.5999755859375,785.9870691798025
2019-02-22,2019-02-14,842.2000122070312,784.5051356358033
2019-02-25,2019-02-15,850.0,802.5464256563496
2019-02-26,2019-02-19,857.0,816.2999626269761
2019-02-27,2019-02-20,867.7999877929688,831.6038578631369
2019-02-28,2019-02-21,873.0,822.9757584610227
2019-03-01,2019-02-22,861.5999755859375,838.9024107294933
2019-03-04,2019-02-25,836.7999877929688,848.7850773081244
2019-03-05,2019-02-26,835.9000244140625,854.1340152213259
2019-03-06,2019-02-27,826.2000122070312,864.1150435383797
2019-03-07,2019-02-28,815.2999877929688,870.1973009150945
2019-03-08,2019-03-01,816.0,857.1395725330766
2019-03-11,2019-03-04,815.2000122070312,832.504733147109
2019-03-12,2019-03-05,831.0,831.956715315634
2019-03-13,2019-03-06,840.7999877929688,822.4526170641893
2019-03-14,2019-03-07,825.5999755859375,810.6111196641409
2019-03-15,2019-03-08,830.2999877929688,811.2873442368118
2019-03-18,2019-03-11,832.5999755859375,812.1127512363691
2019-03-19,2019-03-12,851.2000122070312,828.1436982670011
2019-03-20,2019-03-13,858.2000122070312,838.5729428633565
2019-03-21,2019-03-14,859.7000122070312,826.4407903279757
2019-03-22,2019-03-15,847.2000122070312,827.3959780427111
2019-03-25,2019-03-18,856.5,826.4422704615138
2019-03-26,2019-03-19,858.9000244140625,846.4631249329993
2019-03-27,2019-03-20,855.5999755859375,855.2155881727094
2019-03-28,2019-03-21,838.2000122070312,855.1301448626855
2019-03-29,2019-03-22,848.9000244140625,840.9818354452159
2019-04-01,2019-03-25,850.0999755859375,850.7353564347745
2019-04-02,2019-03-26,848.2000122070312,856.8286125721537
2019-04-03,2019-03-27,869.4000244140625,855.9557935464986
2019-04-04,2019-03-28,900.0,837.2977328846828
2019-04-05,2019-03-29,901.0,847.3105718371489
2019-04-08,2019-04-01,907.5999755859376,850.8027781126
2019-04-09,2019-04-02,893.9000244140625,846.2859797052058
2019-04-10,2019-04-03,903.2000122070312,868.5267684955055
2019-04-11,2019-04-04,890.2999877929688,899.8788974525557
2019-04-12,2019-04-05,893.2000122070312,900.3908539664035
2019-04-15,2019-04-08,890.2000122070312,905.9110611888855
2019-04-16,2019-04-09,880.2000122070312,891.7324092934541
2019-04-17,2019-04-10,886.7999877929688,899.8665535062194
2019-04-18,2019-04-11,899.7999877929688,883.2638869114976
2019-04-22,2019-04-12,897.5,882.651247515757
2019-04-23,2019-04-15,889.0999755859375,881.6159262399092
2019-04-24,2019-04-16,883.9000244140625,869.749829998947
2019-04-25,2019-04-17,885.2999877929688,880.7185377290203
2019-04-26,2019-04-18,898.2000122070312,897.7564337172724
2019-04-29,2019-04-22,897.7000122070312,898.5507262783643
2019-04-30,2019-04-23,888.0999755859375,887.9145037388158
2019-05-01,2019-04-24,874.2000122070312,882.8489300514566
2019-05-02,2019-04-25,851.0,886.2934919841017
2019-05-03,2019-04-26,871.5999755859375,894.9534207373603
2019-05-06,2019-04-29,877.7000122070312,891.0719409675412
2019-05-07,2019-04-30,870.2000122070312,882.1720922483893
2019-05-08,2019-05-01,861.2000122070312,866.6293915325648
2019-05-09,2019-05-02,848.5999755859375,843.5573953938904
2019-05-10,2019-05-03,862.4000244140625,865.6621990541611
2019-05-13,2019-05-06,852.2999877929688,876.8915935467435
2019-05-14,2019-05-07,856.5,869.9055872117117
2019-05-15,2019-05-08,845.0,861.1290266557951
2019-05-16,2019-05-09,830.9000244140625,848.5662131258823
2019-05-17,2019-05-10,818.4000244140625,863.56353518491
2019-05-20,2019-05-13,811.5,852.1476861022261
2019-05-21,2019-05-14,812.7000122070312,855.757490087579
2019-05-22,2019-05-15,802.7999877929688,844.3292676967504
2019-05-23,2019-05-16,797.2000122070312,827.3828345008857
2019-05-24,2019-05-17,800.5999755859375,816.2633042247155
2019-05-28,2019-05-20,795.0,810.9573813607827
2019-05-29,2019-05-21,789.5999755859375,811.6867425183835
2019-05-30,2019-05-22,792.5,801.6845684965285
2019-05-31,2019-05-23,792.5999755859375,796.6472012464747
2019-06-03,2019-05-24,819.2000122070312,802.5850044358399
2019-06-04,2019-05-28,817.4000244140625,798.8581587811076
2019-06-05,2019-05-29,801.0999755859375,793.5269916523162
2019-06-06,2019-05-30,802.2000122070312,795.7511677097232
2019-06-07,2019-05-31,804.5999755859375,793.8943752994192
2019-06-10,2019-06-03,803.7000122070312,818.3752410604326
2019-06-11,2019-06-04,812.7999877929688,820.0769192597702
2019-06-12,2019-06-05,809.0999755859375,803.3436008980703
2019-06-13,2019-06-06,808.0,802.2691579817902
2019-06-14,2019-06-07,803.2999877929688,802.8380237210844
2019-06-17,2019-06-10,793.9000244140625,803.7195293732036
2019-06-18,2019-06-11,801.4000244140625,812.8331422300489
2019-06-19,2019-06-12,805.0999755859375,810.7773987886436
2019-06-20,2019-06-13,804.5999755859375,810.4079526217956
2019-06-21,2019-06-14,811.5,803.059666459375
2019-06-24,2019-06-17,812.2000122070312,795.3779947262519
2019-06-25,2019-06-18,810.2999877929688,801.6233670645477
2019-06-26,2019-06-19,817.0999755859375,804.2727270424243
2019-06-27,2019-06-20,812.5999755859375,805.6042920851223
2019-06-28,2019-06-21,835.5,810.186785625316
2019-07-01,2019-06-24,831.0999755859375,811.0612763415747
2019-07-02,2019-06-25,827.2000122070312,809.0511828375601
2019-07-03,2019-06-26,837.2000122070312,813.5756355693412
2019-07-05,2019-06-27,805.2000122070312,810.2740526220616
2019-07-08,2019-06-28,814.2999877929688,831.9888999247062
2019-07-09,2019-07-01,809.0999755859375,828.2637062178221
2019-07-10,2019-07-02,824.0999755859375,826.7378048682751
2019-07-11,2019-07-03,825.0,836.321068598306
2019-07-12,2019-07-05,828.4000244140625,801.975557538532
2019-07-15,2019-07-08,839.5,811.1837718640012
2019-07-16,2019-07-09,841.5,805.3049338103917
2019-07-17,2019-07-10,841.7000122070312,822.9125167143749
2019-07-18,2019-07-11,843.7000122070312,825.3477418818311
2019-07-19,2019-07-12,845.9000244140625,826.1642347337595
2019-07-22,2019-07-15,847.2999877929688,840.4989431117144
2019-07-23,2019-07-16,855.7999877929688,839.0600949526079
2019-07-24,2019-07-17,875.2000122070312,840.0466897863677
2019-07-25,2019-07-18,868.4000244140625,841.5959149275436
2019-07-26,2019-07-19,862.7000122070312,842.7261617069239
2019-07-29,2019-07-22,876.7999877929688,843.8412166250304
2019-07-30,2019-07-23,869.7999877929688,851.9132689123057
2019-07-31,2019-07-24,876.0999755859375,871.9476425108892
2019-08-01,2019-07-25,848.5,865.812473079664
2019-08-02,2019-07-26,850.2000122070312,858.2353951191305
2019-08-05,2019-07-29,855.2000122070312,872.8936894698761
2019-08-06,2019-07-30,850.5,870.191242825837
2019-08-07,2019-07-31,868.2999877929688,875.4530159650003
2019-08-08,2019-08-01,864.7999877929688,848.0360094833461
2019-08-09,2019-08-02,861.0999755859375,848.6532163348068
2019-08-12,2019-08-05,861.0,850.731985613393
2019-08-13,2019-08-06,857.0,846.007598288305
2019-08-14,2019-08-07,845.2999877929688,864.6172191195153
2019-08-15,2019-08-08,839.2999877929688,861.779628453158
2019-08-16,2019-08-09,848.7999877929688,857.9041997301892
2019-08-19,2019-08-12,854.0999755859375,857.1866841024034
2019-08-20,2019-08-13,850.0999755859375,855.012507344464
2019-08-21,2019-08-14,854.0999755859375,844.01436013696
2019-08-22,2019-08-15,859.2999877929688,835.2730862437729
2019-08-23,2019-08-16,852.5,844.3343896155318
2019-08-26,2019-08-19,855.0,849.7747770955996
2019-08-27,2019-08-20,865.4000244140625,845.5300813811866
2019-08-28,2019-08-21,906.0999755859376,851.5703369600385
2019-08-29,2019-08-22,917.5,859.2573105583467
2019-08-30,2019-08-23,929.5999755859376,850.5670653895851
2019-09-03,2019-08-26,953.5999755859376,853.435659699112
2019-09-04,2019-08-27,982.5999755859376,866.0505843891235
2019-09-05,2019-08-28,962.0999755859376,907.2586879470716
2019-09-06,2019-08-29,956.9000244140624,919.0419240794063
2019-09-09,2019-08-30,951.0999755859376,926.0376824838027
2019-09-10,2019-09-03,935.2000122070312,950.6432953806318
2019-09-11,2019-09-04,938.7999877929688,980.2653089358573
2019-09-12,2019-09-05,951.7000122070312,960.2206368113657
2019-09-13,2019-09-06,951.2999877929688,953.5691776040346
2019-09-16,2019-09-09,938.2999877929688,949.0323084702756
2019-09-17,2019-09-10,943.2999877929688,931.7150679048443
2019-09-18,2019-09-11,933.7000122070312,935.7974613937458
2019-09-19,2019-09-12,941.5,948.9775518618335
2019-09-20,2019-09-13,941.7999877929688,947.4539299732517
2019-09-23,2019-09-16,952.2999877929688,933.2996504524906
2019-09-24,2019-09-17,953.7999877929688,940.9798301842478
2019-09-25,2019-09-18,926.2999877929688,934.1435238237262
2019-09-26,2019-09-19,935.0,939.9619011938796
2019-09-27,2019-09-20,931.0,938.4520472161576
2019-09-30,2019-09-23,883.4000244140625,946.8253581287245
2019-10-01,2019-09-24,879.5999755859375,945.5976252420369
2019-10-02,2019-09-25,888.2999877929688,916.5162366728498
2019-10-03,2019-09-26,889.0,925.576672105645
2019-10-04,2019-09-27,881.7000122070312,922.9890510449463
2019-10-07,2019-09-30,883.2000122070312,877.2532360212615
2019-10-08,2019-10-01,885.2999877929688,872.9318465976008
2019-10-09,2019-10-02,891.9000244140625,887.1778343470334
2019-10-10,2019-10-03,903.0999755859376,892.8457494900407
2019-10-11,2019-10-04,895.5,881.8659677886995
2019-10-14,2019-10-07,894.5999755859375,884.2507815123741
2019-10-15,2019-10-08,884.4000244140625,885.529516000833
2019-10-16,2019-10-09,886.5,890.7096237552555
2019-10-17,2019-10-10,889.0,905.3058375879702
2019-10-18,2019-10-11,892.2999877929688,896.5518209599408
2019-10-21,2019-10-14,888.5,893.6611136419253
2019-10-22,2019-10-15,892.2999877929688,882.0405707538889
2019-10-23,2019-10-16,918.4000244140624,884.8060914054128
2019-10-24,2019-10-17,921.5999755859376,886.6033407778789
2019-10-25,2019-10-18,929.0999755859376,890.113574495332
2019-10-28,2019-10-21,914.7000122070312,888.3633562888836
2019-10-29,2019-10-22,920.7000122070312,893.8401686089605
2019-10-30,2019-10-23,926.5999755859376,924.0006545724877
2019-10-31,2019-10-24,930.0,927.1499374942725
2019-11-01,2019-10-25,950.2999877929688,934.205086852204
2019-11-04,2019-10-28,935.0999755859376,917.6521809146503
2019-11-05,2019-10-29,926.7999877929688,918.2884562060615
2019-11-06,2019-10-30,928.2999877929688,924.8125573853212
2019-11-07,2019-10-31,910.5999755859376,928.6216245136878
2019-11-08,2019-11-01,889.4000244140625,947.4477872692223
2019-11-11,2019-11-04,877.2999877929688,930.4781867632921
2019-11-12,2019-11-05,866.5999755859375,923.5504961659293
2019-11-13,2019-11-06,871.5,925.972290712471
2019-11-14,2019-11-07,879.7999877929688,910.756533272865
2019-11-15,2019-11-08,891.5,888.9038809741853
2019-11-18,2019-11-11,892.2000122070312,876.0160303573891
2019-11-19,2019-11-12,909.0999755859376,865.4420563946431
2019-11-20,2019-11-13,917.2000122070312,869.3036645347472
2019-11-21,2019-11-14,914.7000122070312,878.4505420574523
2019-11-22,2019-11-15,889.7999877929688,887.6356653598777
2019-11-25,2019-11-18,897.5,887.4722010332412
2019-11-26,2019-11-19,908.7999877929688,904.1497054502319
2019-11-27,2019-11-20,892.9000244140625,914.1726643223815
2019-11-29,2019-11-21,897.9000244140625,914.0603610515286
2019-12-02,2019-11-22,897.2999877929688,887.7040478164126
2019-12-03,2019-11-25,909.2000122070312,894.9267798444324
2019-12-04,2019-11-26,899.5,904.0294720066936
2019-12-05,2019-11-27,898.5,889.4293809994175
2019-12-06,2019-11-29,896.7999877929688,895.3606675925774
2019-12-09,2019-12-02,896.4000244140625,896.1964993369061
2019-12-10,2019-12-03,920.5,913.4525510336871
2019-12-11,2019-12-04,937.4000244140624,905.9349360453455
2019-12-12,2019-12-05,942.7000122070312,906.3968042617653
2019-12-13,2019-12-06,926.7000122070312,903.9687936888716
2019-12-16,2019-12-09,929.2999877929688,898.8164409368737
2019-12-17,2019-12-10,927.7999877929688,920.7994250670449
2019-12-18,2019-12-11,933.7000122070312,934.5539378713827
2019-12-19,2019-12-12,933.5,937.118366306419
2019-12-20,2019-12-13,912.0999755859376,918.431245910599
2019-12-23,2019-12-16,936.7000122070312,922.0366051605091
2019-12-24,2019-12-17,941.2999877929688,922.7376935790475
2019-12-26,2019-12-18,952.0999755859376,929.0652818064484
2019-12-27,2019-12-19,949.2999877929688,933.2359072035053
2019-12-30,2019-12-20,957.7000122070312,910.1482413399935
2019-12-31,2019-12-23,971.4000244140624,935.1841900102368
2020-01-02,2019-12-24,978.5999755859376,938.7152285713582
2020-01-03,2019-12-26,984.5,951.8229185231661
2020-01-06,2019-12-27,960.4000244140624,948.8785885941885
2020-01-07,2019-12-30,966.0,954.2301355000725
2020-01-08,2019-12-31,959.0,970.4955739182395
2020-01-09,2020-01-02,967.0999755859376,976.4210641455641
2020-01-10,2020-01-03,981.2000122070312,984.0935849409278
2020-01-13,2020-01-06,977.2999877929688,955.8199576710579
2020-01-14,2020-01-07,982.2000122070312,959.8729057230192
2020-01-15,2020-01-08,1020.4000244140624,951.9466955509342
2020-01-16,2020-01-09,995.7000122070312,961.7021632722588
2020-01-17,2020-01-10,1019.4000244140624,977.8797462353107
2020-01-21,2020-01-13,1002.0,976.4078892327341
2020-01-22,2020-01-14,1015.7999877929688,982.0064941047273
2020-01-23,2020-01-15,1001.7000122070312,1018.4638405813538
2020-01-24,2020-01-16,1005.2000122070312,996.5857216400884
2020-01-27,2020-01-17,985.9000244140624,1017.278430295491
2020-01-28,2020-01-21,990.0999755859376,999.4137153474978
2020-01-29,2020-01-22,968.5999755859376,1012.0831018111232
2020-01-30,2020-01-23,977.0999755859376,995.381080161836
2020-01-31,2020-01-24,959.2000122070312,999.8318658573387
2020-02-03,2020-01-27,968.0,981.3667719711636
2020-02-04,2020-01-28,963.4000244140624,983.7065034712747
2020-02-05,2020-01-29,984.4000244140624,964.9011776104672
2020-02-06,2020-01-30,964.7000122070312,974.0410258304719
2020-02-07,2020-01-31,966.5999755859376,958.9307775779941
2020-02-10,2020-02-03,964.2999877929688,968.147410119617
2020-02-11,2020-02-04,970.9000244140624,964.6973943358853
2020-02-12,2020-02-05,964.5,981.2108300096972
2020-02-13,2020-02-06,971.9000244140624,963.5124647468837
2020-02-14,2020-02-07,966.0,960.6564213471942
2020-02-18,2020-02-10,991.2999877929688,959.482500321194
2020-02-19,2020-02-11,1001.7000122070312,966.0535544745321
2020-02-20,2020-02-12,976.2000122070312,959.9582516525543
2020-02-21,2020-02-13,973.4000244140624,967.9299958295784
2020-02-24,2020-02-14,971.7000122070312,965.8924004893759
2020-02-25,2020-02-18,929.7999877929688,988.3084077448392
2020-02-26,2020-02-19,912.2999877929688,1003.1057121617474
2020-02-27,2020-02-20,903.5999755859376,976.6593428407787
2020-02-28,2020-02-21,862.7999877929688,974.8515116689915
2020-03-02,2020-02-24,858.2999877929688,972.9178976151392
2020-03-03,2020-02-25,868.2000122070312,932.144284730371
2020-03-04,2020-02-26,874.0999755859375,913.2726666676288
2020-03-05,2020-02-27,864.5999755859375,905.4241861430403
2020-03-06,2020-02-28,895.2999877929688,861.0870217301494
2020-03-09,2020-03-02,861.7000122070312,857.1217747362684
2020-03-10,2020-03-03,868.5,866.6535298963611
2020-03-11,2020-03-04,867.2999877929688,874.0761918979332
2020-03-12,2020-03-05,780.9000244140625,865.0021463585917
2020-03-13,2020-03-06,743.0,895.9034016844098
2020-03-16,2020-03-09,656.7000122070312,861.5693333682468
2020-03-17,2020-03-10,664.4000244140625,866.627048750219
2020-03-18,2020-03-11,604.0999755859375,866.9123753579522
2020-03-19,2020-03-12,595.9000244140625,778.6677397700464
2020-03-20,2020-03-13,621.5999755859375,738.8925459313185
2020-03-23,2020-03-16,627.5,653.4263044898563
2020-03-24,2020-03-17,701.7000122070312,662.8294863219259
2020-03-25,2020-03-18,745.5,604.7997926599792
2020-03-26,2020-03-19,737.0,599.5739425334468
2020-03-27,2020-03-20,740.0,626.5218225242772
2020-03-30,2020-03-23,723.9000244140625,631.4450657779859
2020-03-31,2020-03-24,724.4000244140625,713.5039138490453
2020-04-01,2020-03-25,712.2999877929688,751.2839630340654
2020-04-02,2020-03-26,726.0,744.8014594042154
2020-04-03,2020-03-27,714.0999755859375,740.4977621571312
2020-04-06,2020-03-30,728.0,721.8239829155934
2020-04-07,2020-03-31,741.0,720.0806299397818
2020-04-08,2020-04-01,729.5999755859375,707.8184650145165
2020-04-09,2020-04-02,744.5999755859375,723.9566566464541
2020-04-13,2020-04-03,745.7999877929688,736.5711851267871
2020-04-14,2020-04-06,815.7000122070312,774.887319177446
2020-04-15,2020-04-07,800.5999755859375,793.6399715109834
2020-04-16,2020-04-08,789.2999877929688,785.3911927541476
2020-04-17,2020-04-09,781.2999877929688,789.6850723593365
2020-04-20,2020-04-13,792.0,769.6384350656432
2020-04-21,2020-04-14,758.0,834.6920527708539
2020-04-22,2020-04-15,764.9000244140625,791.8502755480357
2020-04-23,2020-04-16,787.5999755859375,762.800910273751
2020-04-24,2020-04-17,773.4000244140625,737.7419475431084
2020-04-27,2020-04-20,776.5999755859375,753.4714005676694
2020-04-28,2020-04-21,792.0,732.574334722347
2020-04-29,2020-04-22,795.4000244140625,749.0317750236147
2020-04-30,2020-04-23,809.5,795.0689048410603
2020-05-01,2020-04-24,769.9000244140625,783.7944332070613
2020-05-04,2020-04-27,774.2000122070312,790.0538088220251
2020-05-05,2020-04-28,780.0999755859375,800.4959083644641
2020-05-06,2020-04-29,760.9000244140625,798.9574151258533
2020-05-07,2020-04-30,777.5,802.4237770993705
2020-05-08,2020-05-01,784.7000122070312,754.6466504053035
2020-05-11,2020-05-04,776.7000122070312,759.4115582045379
2020-05-12,2020-05-05,772.7999877929688,761.1766897451861
2020-05-13,2020-05-06,765.2000122070312,748.1936976102388
2020-05-14,2020-05-07,770.4000244140625,772.7134377256259
2020-05-15,2020-05-08,812.5,783.512694572805
2020-05-18,2020-05-11,864.7000122070312,773.0358697843129
2020-05-19,2020-05-12,885.0,773.6454107558827
2020-05-20,2020-05-13,929.9000244140624,768.495926589176
2020-05-21,2020-05-14,861.9000244140625,770.2464448574606
2020-05-22,2020-05-15,881.7000122070312,810.9968245541382
2020-05-26,2020-05-18,868.7000122070312,866.6718986791248
2020-05-27,2020-05-19,873.5,883.839529140408
2020-05-28,2020-05-20,864.0,912.9575701623967
2020-05-29,2020-05-21,870.5,835.2328497298697
2020-06-01,2020-05-22,897.0,862.1727046377848
2020-06-02,2020-05-26,864.5999755859375,854.3161365604799
2020-06-03,2020-05-27,857.7999877929688,869.7033492128662
2020-06-04,2020-05-28,862.7999877929688,869.4721110560783
2020-06-05,2020-05-29,830.0999755859375,877.9516069091815
2020-06-08,2020-06-01,860.7000122070312,914.0255210750839
2020-06-09,2020-06-02,862.2999877929688,872.0207107837751
2020-06-10,2020-06-03,849.5,863.5720432043538
2020-06-11,2020-06-04,826.0999755859375,862.9550785529124
2020-06-12,2020-06-05,820.5999755859375,823.6056143019063
2020-06-15,2020-06-08,823.2999877929688,850.0573626986177
2020-06-16,2020-06-09,845.5,850.1780472543928
2020-06-17,2020-06-10,839.7999877929688,825.5708215999342
2020-06-18,2020-06-11,813.7999877929688,799.8802658093541
2020-06-19,2020-06-12,828.9000244140625,804.0041011046559
2020-06-22,2020-06-15,845.2999877929688,815.2558008386402
2020-06-23,2020-06-16,847.5999755859375,847.9181380577711
2020-06-24,2020-06-17,805.7999877929688,839.7296302643836
2020-06-25,2020-06-18,803.9000244140625,814.028320040085
2020-06-26,2020-06-19,811.0999755859375,826.8873097790871
2020-06-29,2020-06-22,816.7999877929688,843.4478031048608
2020-06-30,2020-06-23,840.7000122070312,850.0859260481828
2020-07-01,2020-06-24,825.2999877929688,799.406311235676
2020-07-02,2020-06-25,822.5,798.9237056397143
2020-07-06,2020-06-26,827.7999877929688,811.4004710541133
2020-07-07,2020-06-29,853.7999877929688,824.8121952461347
2020-07-08,2020-06-30,874.0,852.0561940234727
2020-07-09,2020-07-01,836.5999755859375,824.8245669368296
2020-07-10,2020-07-02,836.5999755859375,821.3367750464852
2020-07-13,2020-07-06,854.0999755859375,828.6299722834761
2020-07-14,2020-07-07,828.2000122070312,858.1234307571651
2020-07-15,2020-07-08,835.0,872.7138782896665
2020-07-16,2020-07-09,828.7999877929688,828.4201321535631
2020-07-17,2020-07-10,841.9000244140625,826.548543497225
2020-07-20,2020-07-13,850.7000122070312,850.4729017648303
2020-07-21,2020-07-14,911.4000244140624,825.9012784820935
2020-07-22,2020-07-15,949.2999877929688,833.057991702085
2020-07-23,2020-07-16,955.0999755859376,833.73024424231
2020-07-24,2020-07-17,947.9000244140624,846.4885780406848
2020-07-27,2020-07-20,958.5999755859376,858.3029000535422
2020-07-28,2020-07-21,977.9000244140624,917.391957685219
2020-07-29,2020-07-22,950.5999755859376,949.1615538900206
2020-07-30,2020-07-23,905.9000244140624,942.8083752715289
2020-07-31,2020-07-24,912.2000122070312,925.6256670389027
2020-08-03,2020-07-27,924.9000244140624,938.1490416789711
2020-08-04,2020-07-28,949.0999755859376,956.4041731538159
2020-08-05,2020-07-29,983.4000244140624,929.9227954805206
2020-08-06,2020-07-30,1009.5999755859376,896.7280277942217
2020-08-07,2020-07-31,965.0999755859376,908.1395602196995
2020-08-10,2020-08-03,997.5,934.1666671207365
2020-08-11,2020-08-04,966.5999755859376,973.6224573979146
2020-08-12,2020-08-05,954.4000244140624,1009.7627402181108
2020-08-13,2020-08-06,978.0999755859376,1021.3091130548821
2020-08-14,2020-08-07,954.4000244140624,951.5762215464517
2020-08-17,2020-08-10,963.2999877929688,978.7188159962883
2020-08-18,2020-08-11,971.0999755859376,937.501178350013
2020-08-19,2020-08-12,952.0,915.9545122203417
2020-08-20,2020-08-13,923.0999755859376,946.6954997776384
2020-08-21,2020-08-14,922.2999877929688,935.1838468106375
2020-08-24,2020-08-17,920.7999877929688,957.1997445135312
2020-08-25,2020-08-18,930.5999755859376,968.8262242606454
2020-08-26,2020-08-19,936.4000244140624,959.2779302283441
2020-08-27,2020-08-20,925.5999755859376,930.4295514211078
2020-08-28,2020-08-21,937.5,929.5975241538836
2020-08-31,2020-08-24,935.7000122070312,924.1945858174068
2020-09-01,2020-08-25,950.5,930.8174603134843
2020-09-02,2020-08-26,902.0,930.2230340550502
2020-09-03,2020-08-27,887.5999755859375,912.8784824823254
2020-09-04,2020-08-28,896.2999877929688,925.841423122896
2020-09-08,2020-08-31,908.4000244140624,925.8127298679171
2020-09-09,2020-09-01,923.0999755859376,949.169613888316
2020-09-10,2020-09-02,939.4000244140624,898.3184283236931
2020-09-11,2020-09-03,938.0,884.9812407141651
2020-09-14,2020-09-04,957.0999755859376,897.0882117136837
2020-09-15,2020-09-08,980.7999877929688,914.0500300391602
2020-09-16,2020-09-09,972.2999877929688,932.4897647344382
2020-09-17,2020-09-10,930.0,942.4229096085219
2020-09-18,2020-09-11,937.5,939.2105056169287
2020-09-21,2020-09-14,875.0999755859375,958.8730319056581
2020-09-22,2020-09-15,856.5,982.4780529881857
2020-09-23,2020-09-16,842.2999877929688,966.417074266494
2020-09-24,2020-09-17,837.0999755859375,920.6595483135479
2020-09-25,2020-09-18,841.0999755859375,925.8088641182047
2020-09-28,2020-09-21,881.9000244140625,872.9605783891658
2020-09-29,2020-09-22,887.5,861.6779511106797
2020-09-30,2020-09-23,901.0,850.1143175025604
2020-10-01,2020-09-24,898.2000122070312,853.3354876714202
2020-10-02,2020-09-25,883.4000244140625,860.2753508705714
2020-10-05,2020-09-28,897.2000122070312,900.6653472604659
2020-10-06,2020-09-29,863.9000244140625,894.8114991293018
2020-10-07,2020-09-30,861.2000122070312,893.6394132450595
2020-10-08,2020-10-01,858.2000122070312,881.974389038491
2020-10-09,2020-10-02,887.9000244140625,856.7385677088212
2020-10-12,2020-10-05,870.0,874.4928048665172
2020-10-13,2020-10-06,867.2000122070312,845.2281873480559
2020-10-14,2020-10-07,858.0999755859375,851.5330143087431
2020-10-15,2020-10-08,856.2999877929688,861.2137540193875
2020-10-16,2020-10-09,864.2999877929688,901.6954878999042
2020-10-19,2020-10-12,858.5999755859375,893.7406239701901
2020-10-20,2020-10-13,872.4000244140625,887.4452017594316
2020-10-21,2020-10-14,889.0999755859375,874.7917542634118
2020-10-22,2020-10-15,879.0,866.5411942879191
2020-10-23,2020-10-16,901.7000122070312,872.6949496367124
2020-10-26,2020-10-19,872.5,856.8224973464241
2020-10-27,2020-10-20,882.0999755859375,863.0586088051168
2020-10-28,2020-10-21,870.2999877929688,875.0245607578348
2020-10-29,2020-10-22,845.4000244140625,872.3749878012057
2020-10-30,2020-10-23,844.5999755859375,891.9361528865631
2020-11-02,2020-10-26,855.7999877929688,866.7870188696944
2020-11-03,2020-10-27,871.4000244140625,878.2063141572007
2020-11-04,2020-10-28,866.7000122070312,872.3029093451927
2020-11-05,2020-10-29,896.7999877929688,851.2301395013714
2020-11-06,2020-10-30,896.0,845.1223786548237
2020-11-09,2020-11-02,864.5999755859375,862.0855995629298
2020-11-10,2020-11-03,890.0,878.7296422868844
2020-11-11,2020-11-04,865.0999755859375,872.8399323967951
2020-11-12,2020-11-05,881.0999755859375,896.4043875021028
2020-11-13,2020-11-06,893.4000244140625,890.2835868262406
2020-11-16,2020-11-09,925.0,859.1345493992524
2020-11-17,2020-11-10,934.5999755859376,879.5715117414727
2020-11-18,2020-11-11,946.7000122070312,856.9929784763901
2020-11-19,2020-11-12,948.2000122070312,874.9307024331721
2020-11-20,2020-11-13,954.0999755859376,889.3048294531166
2020-11-23,2020-11-16,929.0999755859376,925.7852266110306
2020-11-24,2020-11-17,955.7000122070312,931.6130996484561
2020-11-25,2020-11-18,967.2999877929688,944.5480371654737
2020-11-27,2020-11-19,963.0,943.7401730939835
2020-11-30,2020-11-20,964.0999755859376,949.8116332968417
2020-12-01,2020-11-23,1002.2000122070312,926.014636434034
2020-12-02,2020-11-24,1010.4000244140624,947.8142041102958
2020-12-03,2020-11-25,1037.0,966.4768638840155
2020-12-04,2020-11-27,1071.199951171875,955.6658033943797
2020-12-07,2020-11-30,1047.199951171875,958.0154905199172
2020-12-08,2020-12-01,1035.0,997.0211873809545
2020-12-09,2020-12-02,1016.9000244140624,1009.9522834435713
2020-12-10,2020-12-03,1026.199951171875,1033.3740805636323
2020-12-11,2020-12-04,1020.5999755859376,1059.6138641740467
2020-12-14,2020-12-07,1014.4000244140624,1032.9169839910808
2020-12-15,2020-12-08,1038.0999755859375,1011.9482186512097
2020-12-16,2020-12-09,1034.199951171875,996.4916144706909
2020-12-17,2020-12-10,1048.9000244140625,1016.2625681487841
2020-12-18,2020-12-11,1041.9000244140625,1015.653047867228
2020-12-21,2020-12-14,1015.0,1014.7773436796239
2020-12-22,2020-12-15,1008.5,1041.032605920247
2020-12-23,2020-12-16,1016.2000122070312,1036.7440400509613
2020-12-24,2020-12-17,1028.0,1048.2091303363873
2020-12-28,2020-12-18,1042.199951171875,1033.2359655690675
2020-12-29,2020-12-21,1055.699951171875,1005.6382993583456
2020-12-30,2020-12-22,1072.5999755859375,992.5335461796631
2020-12-31,2020-12-23,1075.4000244140625,1003.5925732857223
2021-01-04,2020-12-24,1066.0,1018.2374521874143
2021-01-05,2020-12-28,1114.699951171875,1031.8766929362705
2021-01-06,2020-12-29,1105.699951171875,1041.795371160054
2021-01-07,2020-12-30,1119.699951171875,1059.562514885004
2021-01-08,2020-12-31,1065.699951171875,1069.2167254040342
2021-01-11,2021-01-04,1039.5999755859375,1055.903584542693
2021-01-12,2021-01-05,1062.9000244140625,1107.9187161299017
2021-01-13,2021-01-06,1105.9000244140625,1104.7559543395466
2021-01-14,2021-01-07,1121.5999755859375,1114.245073739673
2021-01-15,2021-01-08,1085.699951171875,1057.8606790511458
2021-01-19,2021-01-11,1088.4000244140625,1031.0758035869699
2021-01-20,2021-01-12,1112.800048828125,1069.4743954555006
2021-01-21,2021-01-13,1124.199951171875,1122.5677854230553
2021-01-22,2021-01-14,1108.199951171875,1140.1859830881317
2021-01-25,2021-01-15,1101.199951171875,1086.4268629811172
2021-01-26,2021-01-19,1103.800048828125,1078.4127710756743
2021-01-27,2021-01-20,1075.5,1105.2904451885695
2021-01-28,2021-01-21,1068.699951171875,1123.6442272176366
2021-01-29,2021-01-22,1075.800048828125,1093.7122280783528
2021-02-01,2021-01-25,1135.5,1081.9496854935996
2021-02-02,2021-01-26,1092.699951171875,1089.8023270986114
2021-02-03,2021-01-27,1111.5999755859375,1070.4889811520188
2021-02-04,2021-01-28,1100.0999755859375,1068.0190268747574
2021-02-05,2021-01-29,1130.300048828125,1072.1743127604327
2021-02-08,2021-02-01,1172.4000244140625,1144.937865842781
2021-02-09,2021-02-02,1191.4000244140625,1102.1582868655325
2021-02-10,2021-02-03,1244.199951171875,1110.672560727486
2021-02-11,2021-02-04,1244.4000244140625,1092.5068112394936
2021-02-12,2021-02-05,1256.4000244140625,1117.8760252585807
2021-02-16,2021-02-08,1277.0,1170.4652299994293
2021-02-17,2021-02-09,1255.300048828125,1180.9107134018454
2021-02-18,2021-02-10,1272.4000244140625,1224.4117271894027
2021-02-19,2021-02-11,1290.5999755859375,1217.4241278352454
2021-02-22,2021-02-12,1280.0,1240.1116821597811
2021-02-23,2021-02-16,1237.4000244140625,1261.9091541920884
2021-02-24,2021-02-17,1255.5999755859375,1246.3981000469987
2021-02-25,2021-02-18,1229.699951171875,1267.267255684101
2021-02-26,2021-02-19,1183.5,1301.205608051046
2021-03-01,2021-02-22,1189.5999755859375,1295.527460775275
2021-03-02,2021-02-23,1212.699951171875,1242.7014811217023
2021-03-03,2021-02-24,1180.4000244140625,1261.8108590898357
2021-03-04,2021-02-25,1134.199951171875,1237.7492287094233
2021-03-05,2021-02-26,1127.0999755859375,1192.1963578216055
2021-03-08,2021-03-01,1151.0999755859375,1190.9254278729552
2021-03-09,2021-03-02,1174.199951171875,1214.6361855753735
2021-03-10,2021-03-03,1200.5999755859375,1180.4910950344315
2021-03-11,2021-03-04,1201.0999755859375,1119.5914910365814
2021-03-12,2021-03-05,1199.0999755859375,1111.9873357289416
2021-03-15,2021-03-08,1208.300048828125,1139.140072680656
2021-03-16,2021-03-09,1217.9000244140625,1174.5110335638533
2021-03-17,2021-03-10,1198.0999755859375,1196.6809000680319
2021-03-18,2021-03-11,1216.199951171875,1187.7176419989064
2021-03-19,2021-03-12,1198.9000244140625,1181.5592051808183
2021-03-22,2021-03-15,1182.800048828125,1194.8419389263954
2021-03-23,2021-03-16,1173.800048828125,1210.6354266228354
2021-03-24,2021-03-17,1179.5999755859375,1195.284362237016
2021-03-25,2021-03-18,1153.699951171875,1217.1480775511914
2021-03-26,2021-03-19,1177.5,1206.3278698529389
2021-03-29,2021-03-22,1181.300048828125,1198.250807798312
2021-03-30,2021-03-23,1157.699951171875,1188.4749411750838
2021-03-31,2021-03-24,1188.5,1191.4138531097747
2021-04-01,2021-03-25,1206.199951171875,1170.3115511000258
2021-04-05,2021-03-26,1207.0,1192.9802330382786
2021-04-06,2021-03-29,1237.800048828125,1194.0069827101072
2021-04-07,2021-03-30,1229.300048828125,1159.668815016971
2021-04-08,2021-03-31,1233.300048828125,1184.653560822447
2021-04-09,2021-04-01,1207.300048828125,1196.111258908442
2021-04-12,2021-04-05,1172.199951171875,1196.8979231765177
2021-04-13,2021-04-06,1155.0,1226.1449763805983
2021-04-14,2021-04-07,1175.199951171875,1217.0480143657323
2021-04-15,2021-04-08,1197.800048828125,1220.6849311262345
2021-04-16,2021-04-09,1206.199951171875,1201.2831301398924
2021-04-19,2021-04-12,1204.0,1170.2489453020892
2021-04-20,2021-04-13,1193.800048828125,1157.5171482230448
2021-04-21,2021-04-14,1212.199951171875,1189.6534365903349
2021-04-22,2021-04-15,1206.0,1216.686357951275
2021-04-23,2021-04-16,1230.5,1220.4783825739883
2021-04-26,2021-04-19,1242.5999755859375,1210.4770896597431
2021-04-27,2021-04-20,1246.9000244140625,1189.1527807294665
2021-04-28,2021-04-21,1209.4000244140625,1206.0825856778497
2021-04-29,2021-04-22,1195.0999755859375,1201.1717854382725
2021-04-30,2021-04-23,1203.0,1221.638046860799
2021-05-03,2021-04-26,1227.9000244140625,1231.73909081917
2021-05-04,2021-04-27,1229.5999755859375,1237.3300662551255
2021-05-05,2021-04-28,1226.5999755859375,1200.702998602519
2021-05-06,2021-04-29,1255.5,1186.9220734327573
2021-05-07,2021-04-30,1252.300048828125,1203.3130291461566
2021-05-10,2021-05-03,1263.0,1239.689732310978
2021-05-11,2021-05-04,1238.699951171875,1246.0736810125686
2021-05-12,2021-05-05,1223.5,1235.1804931508314
2021-05-13,2021-05-06,1204.5999755859375,1257.9578587353053
2021-05-14,2021-05-07,1220.800048828125,1248.8483761574807
2021-05-17,2021-05-10,1242.5,1258.66799304578
2021-05-18,2021-05-11,1223.4000244140625,1226.9381276436625
2021-05-19,2021-05-12,1199.800048828125,1211.192878790919
2021-05-20,2021-05-13,1203.199951171875,1199.4494025059616
2021-05-21,2021-05-14,1167.800048828125,1222.7412493688248
2021-05-24,2021-05-17,1175.800048828125,1251.3532963125122
2021-05-25,2021-05-18,1195.0999755859375,1227.2932655269753
2021-05-26,2021-05-19,1198.4000244140625,1200.937537666426
2021-05-27,2021-05-20,1177.4000244140625,1203.4335722714343
2021-05-28,2021-05-21,1180.800048828125,1172.6327502905374
2021-06-01,2021-05-24,1198.4000244140625,1180.7841930457453
2021-06-02,2021-05-25,1191.4000244140625,1201.8867154031618
2021-06-03,2021-05-26,1161.300048828125,1200.6644133736581
2021-06-04,2021-05-27,1163.199951171875,1175.7281264745418
2021-06-07,2021-05-28,1173.5999755859375,1174.7551115040305
2021-06-08,2021-06-01,1161.5999755859375,1192.3235217889523
2021-06-09,2021-06-02,1150.5999755859375,1189.5528654875698
2021-06-10,2021-06-03,1144.800048828125,1159.7299880521118
2021-06-11,2021-06-04,1149.9000244140625,1160.7074609992144
2021-06-14,2021-06-07,1164.0999755859375,1178.679696995754
2021-06-15,2021-06-08,1147.5999755859375,1169.2245552478837
2021-06-16,2021-06-09,1141.0,1157.2352229636995
2021-06-17,2021-06-10,1054.300048828125,1147.3236996287121
2021-06-18,2021-06-11,1040.0999755859375,1153.924281893704
2021-06-21,2021-06-14,1049.699951171875,1174.703611459689
2021-06-22,2021-06-15,1069.300048828125,1155.746579717879
2021-06-23,2021-06-16,1085.699951171875,1142.0062260049087
2021-06-24,2021-06-17,1093.0999755859375,1052.138325822298
2021-06-25,2021-06-18,1102.800048828125,1040.290883382414
2021-06-28,2021-06-21,1096.9000244140625,1062.814487708581
2021-06-29,2021-06-22,1067.5,1086.5326160297045
2021-06-30,2021-06-23,1070.5,1099.8544398331073
2021-07-01,2021-06-24,1078.4000244140625,1098.7397028178075
2021-07-02,2021-06-25,1085.4000244140625,1099.9670021132522
2021-07-06,2021-06-28,1081.9000244140625,1092.2688756408402
2021-07-07,2021-06-29,1080.199951171875,1061.9687624725655
2021-07-08,2021-06-30,1073.199951171875,1061.4141348021888
2021-07-09,2021-07-01,1094.4000244140625,1077.4885314031692
2021-07-12,2021-07-02,1121.699951171875,1088.9302811818202
2021-07-13,2021-07-06,1109.800048828125,1087.7511498800668
2021-07-14,2021-07-07,1126.5,1082.8330630397393
2021-07-15,2021-07-08,1136.0,1075.9625448117938
2021-07-16,2021-07-09,1107.0,1102.8178219932988
2021-07-19,2021-07-12,1069.300048828125,1134.8730314166858
2021-07-20,2021-07-13,1064.300048828125,1117.6413074080353
2021-07-21,2021-07-14,1073.5999755859375,1125.553837048654
2021-07-22,2021-07-15,1088.800048828125,1132.2694106081708
2021-07-23,2021-07-16,1059.5999755859375,1101.1395956355102
2021-07-26,2021-07-19,1068.699951171875,1063.2562440903528
2021-07-27,2021-07-20,1047.800048828125,1060.6492963278204
2021-07-28,2021-07-21,1056.0999755859375,1078.8433761922115
2021-07-29,2021-07-22,1065.5,1102.6269748695324
2021-07-30,2021-07-23,1046.9000244140625,1070.5988126725163
2021-08-02,2021-07-26,1054.9000244140625,1071.162020679079
2021-08-03,2021-07-27,1045.800048828125,1049.925464665319
2021-08-04,2021-07-28,1020.4000244140624,1058.5558643176269
2021-08-05,2021-07-29,1005.5,1068.084874323147
2021-08-06,2021-07-30,972.2999877929688,1043.0971608218724
2021-08-09,2021-08-02,970.9000244140624,1050.449806136803
2021-08-10,2021-08-03,987.2000122070312,1041.8081836441204
2021-08-11,2021-08-04,1015.5,1017.9116095690501
2021-08-12,2021-08-05,1017.2999877929688,1004.0471510591775
2021-08-13,2021-08-06,1025.5,975.643276392167
2021-08-16,2021-08-09,1020.5,981.0907878337024
2021-08-17,2021-08-10,993.4000244140624,1004.0937936216324
2021-08-18,2021-08-11,995.7999877929688,1029.4071113545183
2021-08-19,2021-08-12,970.5999755859376,1025.6154053023652
2021-08-20,2021-08-13,993.5,1025.1384009494936
2021-08-23,2021-08-16,1013.4000244140624,1015.3726653827009
2021-08-24,2021-08-17,1009.4000244140624,985.9531303195096
2021-08-25,2021-08-18,992.7999877929688,989.725079072205
2021-08-26,2021-08-19,975.0,970.0561427654804
2021-08-27,2021-08-20,1005.7999877929688,997.0544267564392
2021-08-30,2021-08-23,1001.9000244140624,1022.9152309477906
2021-08-31,2021-08-24,1013.9000244140624,1019.4612326425749
2021-09-01,2021-08-25,1000.0,997.1528327420974
2021-09-02,2021-08-26,993.9000244140624,980.3485793401746
2021-09-03,2021-08-27,1021.2000122070312,1012.6229691657549
2021-09-07,2021-08-30,995.4000244140624,1010.7621213108719
2021-09-08,2021-08-31,975.2999877929688,1018.6942824152208
2021-09-09,2021-09-01,973.7999877929688,996.0583346066696
2021-09-10,2021-09-02,956.7000122070312,988.7405649232195
2021-09-13,2021-09-03,957.7000122070312,1019.6404419919346
2021-09-14,2021-09-07,939.0999755859376,996.4493306183703
2021-09-15,2021-09-08,932.4000244140624,973.6008008850982
2021-09-16,2021-09-09,925.2000122070312,974.1620178419632
2021-09-17,2021-09-10,932.5,963.5434809293605
2021-09-20,2021-09-13,900.7999877929688,966.7003235154864
2021-09-21,2021-09-14,951.9000244140624,948.5434570820507
2021-09-22,2021-09-15,1001.2999877929688,935.3891241650207
2021-09-23,2021-09-16,997.2000122070312,930.569047871156
2021-09-24,2021-09-17,980.9000244140624,938.272813326376
2021-09-27,2021-09-20,982.5999755859376,903.8013398910523
2021-09-28,2021-09-21,960.5999755859376,952.2037279381509
2021-09-29,2021-09-22,944.2999877929688,1000.4489482421673
2021-09-30,2021-09-23,960.9000244140624,992.448051843075
2021-10-01,2021-09-24,972.0999755859376,966.0787051192907
2021-10-04,2021-09-27,960.2000122070312,965.4655957685916
2021-10-05,2021-09-28,959.0,953.027719381108
2021-10-06,2021-09-29,975.7999877929688,945.9783931649761
2021-10-07,2021-09-30,983.9000244140624,970.9124290023465
2021-10-08,2021-10-01,1026.5999755859375,978.4833072160636
2021-10-11,2021-10-04,1004.9000244140624,972.9639236218371
2021-10-12,2021-10-05,1009.7000122070312,969.8655323322905
2021-10-13,2021-10-06,1022.2999877929688,983.4978889899344
2021-10-14,2021-10-07,1050.5,987.8983945908126
2021-10-15,2021-10-08,1056.699951171875,1027.2843639423254
2021-10-18,2021-10-11,1035.9000244140625,999.5552316018354
2021-10-19,2021-10-12,1044.5999755859375,994.0874864128697
2021-10-20,2021-10-13,1050.199951171875,1007.827311132365
2021-10-21,2021-10-14,1047.699951171875,1039.187819781393
2021-10-22,2021-10-15,1050.199951171875,1048.7149561865388
2021-10-25,2021-10-18,1062.199951171875,1029.2218021746671
2021-10-26,2021-10-19,1032.199951171875,1039.0489985881875
2021-10-27,2021-10-20,1018.4000244140624,1051.3441204386409
2021-10-28,2021-10-21,1022.7000122070312,1056.1785298931682
2021-10-29,2021-10-22,1019.5999755859376,1052.0065705768886
2021-11-01,2021-10-25,1066.300048828125,1064.2774948159686
2021-11-02,2021-10-26,1038.199951171875,1030.5697358210407
2021-11-03,2021-10-27,1021.2999877929688,1019.4153106747133
2021-11-04,2021-10-28,1028.199951171875,1022.5918062437474
2021-11-05,2021-10-29,1034.699951171875,1018.4307619306356
2021-11-08,2021-11-01,1058.9000244140625,1069.025693681538
2021-11-09,2021-11-02,1060.199951171875,1035.9740196395246
2021-11-10,2021-11-03,1075.800048828125,1015.2090819843415
2021-11-11,2021-11-04,1093.300048828125,1020.5277749568959
2021-11-12,2021-11-05,1088.0999755859375,1031.5821752761797
2021-11-15,2021-11-08,1095.800048828125,1059.4796201063318
2021-11-16,2021-11-09,1073.0,1058.100644719755
2021-11-17,2021-11-10,1067.699951171875,1067.9900804576891
2021-11-18,2021-11-11,1055.0,1085.102921583322
2021-11-19,2021-11-12,1034.5999755859375,1084.496906586908
2021-11-22,2021-11-15,1014.0,1090.0912573333308
2021-11-23,2021-11-16,963.0999755859376,1069.3976758765523
2021-11-24,2021-11-17,974.2999877929688,1065.4048890775389
2021-11-26,2021-11-18,953.4000244140624,1060.525284580613
2021-11-29,2021-11-19,963.5999755859376,1042.411344821122
2021-11-30,2021-11-22,926.5999755859376,1023.0635252447936
2021-12-01,2021-11-23,934.5,974.8264320663129
2021-12-02,2021-11-24,932.4000244140624,987.4058800453615
2021-12-03,2021-11-26,925.5,969.3693190179522
2021-12-06,2021-11-29,935.9000244140624,978.2647256359685
2021-12-07,2021-11-30,949.2999877929688,932.0848790914357
2021-12-08,2021-12-01,955.2000122070312,937.009474599172
2021-12-09,2021-12-02,937.2999877929688,933.39554357003
2021-12-10,2021-12-03,933.7999877929688,924.1470790255208
2021-12-13,2021-12-06,924.0999755859376,933.797959837779
2021-12-14,2021-12-07,910.2999877929688,942.4973732198525
2021-12-15,2021-12-08,893.5999755859375,951.9921549471451
2021-12-16,2021-12-09,928.2999877929688,930.5242969784964
2021-12-17,2021-12-10,933.9000244140624,933.2950208885072
2021-12-20,2021-12-13,926.2000122070312,924.1304429970285
2021-12-21,2021-12-14,927.5,919.1750969198814
2021-12-22,2021-12-15,968.0999755859376,904.7473231785152
2021-12-23,2021-12-16,974.5999755859376,944.1853433777313
2021-12-27,2021-12-17,968.9000244140624,947.9652547862779
2021-12-28,2021-12-20,979.0999755859376,936.0488886271037
2021-12-29,2021-12-21,968.2000122070312,933.4407613150768
2021-12-30,2021-12-22,963.5999755859376,968.098259144886
2021-12-31,2021-12-23,964.4000244140624,971.6353064440134
2022-01-03,2021-12-27,953.7000122070312,960.9600805801158
2022-01-04,2021-12-28,970.4000244140624,967.991755691462
2022-01-05,2021-12-29,1001.9000244140624,956.4172991184453
2022-01-06,2021-12-30,960.5999755859376,958.7517942010583
2022-01-07,2021-12-31,957.0,964.0468133793761
2022-01-10,2022-01-03,934.4000244140624,959.2573164527406
2022-01-11,2022-01-04,973.7999877929688,977.0157383399905
2022-01-12,2022-01-05,979.9000244140624,1012.9623481753661
2022-01-13,2022-01-06,971.9000244140624,966.8073374217288
2022-01-14,2022-01-07,964.4000244140624,957.2488781899892
2022-01-18,2022-01-10,979.2999877929688,934.6752373636651
2022-01-19,2022-01-11,1028.199951171875,976.249821768166
2022-01-20,2022-01-12,1050.5999755859375,982.3982228716795
2022-01-21,2022-01-13,1034.699951171875,966.6209991441335
2022-01-24,2022-01-14,1019.9000244140624,956.2923455586304
2022-01-25,2022-01-18,1023.7999877929688,973.0376048456403
2022-01-26,2022-01-19,1046.0999755859375,1026.1275574727688
2022-01-27,2022-01-20,1021.7000122070312,1042.5429228071546
2022-01-28,2022-01-21,1004.9000244140624,1020.9747734956254
2022-01-31,2022-01-24,1019.2000122070312,1003.4782778204791
2022-02-01,2022-01-25,1021.7999877929688,1016.8534623785272
2022-02-02,2022-01-26,1042.300048828125,1042.3066422615161
2022-02-03,2022-01-27,1028.9000244140625,1023.9165796554464
2022-02-04,2022-01-28,1022.7999877929688,1004.9249930623052
2022-02-07,2022-01-31,1018.9000244140624,1026.0313780373679
2022-02-08,2022-02-01,1035.199951171875,1033.9744089031724
2022-02-09,2022-02-02,1036.0,1050.463539889566
2022-02-10,2022-02-03,1041.0999755859375,1032.7596725881656
2022-02-11,2022-02-04,1017.2999877929688,1018.0782962963538
2022-02-14,2022-02-07,1026.5999755859375,1015.9241318681053
2022-02-15,2022-02-08,1019.0,1032.4919307142027
2022-02-16,2022-02-09,1062.199951171875,1030.047686370061
2022-02-17,2022-02-10,1091.199951171875,1034.4730154260017
2022-02-18,2022-02-11,1075.300048828125,1009.0581815971508
2022-02-22,2022-02-14,1084.5,1023.3286554227159
2022-02-23,2022-02-15,1090.0999755859375,1019.8069296439519
2022-02-24,2022-02-16,1060.4000244140625,1062.491184401514
2022-02-25,2022-02-17,1048.9000244140625,1093.1776360597833
2022-02-28,2022-02-18,1037.800048828125,1070.5047945587962
2022-03-01,2022-02-22,1051.0999755859375,1076.7386930843254
2022-03-02,2022-02-23,1067.5999755859375,1079.799267011922
2022-03-03,2022-02-24,1080.0999755859375,1053.5277494133745
2022-03-04,2022-02-25,1116.0999755859375,1043.7053277182865
2022-03-07,2022-02-28,1115.9000244140625,1040.640834873806
2022-03-08,2022-03-01,1152.5,1057.7529021454945
2022-03-09,2022-03-02,1106.699951171875,1080.3907049488557
2022-03-10,2022-03-03,1094.4000244140625,1088.5971871075485
2022-03-11,2022-03-04,1087.800048828125,1117.8011259334303
2022-03-14,2022-03-07,1051.5,1112.1471004072664
2022-03-15,2022-03-08,1001.7999877929688,1139.5460070497334
2022-03-16,2022-03-09,1007.4000244140624,1089.7913162132018
2022-03-17,2022-03-10,1030.5999755859375,1075.9957218903496
2022-03-18,2022-03-11,1035.199951171875,1076.5847081648562
2022-03-21,2022-03-14,1044.4000244140625,1052.1493861727947
2022-03-22,2022-03-15,1024.800048828125,1009.8684178984429
2022-03-23,2022-03-16,1020.7000122070312,1023.6233695022024
2022-03-24,2022-03-17,1030.5,1054.9048620262108
2022-03-25,2022-03-18,1007.7999877929688,1056.8401293710444
2022-03-28,2022-03-21,990.4000244140624,1060.6537914621495
2022-03-29,2022-03-22,972.2999877929688,1022.4739172468435
2022-03-30,2022-03-23,996.7999877929688,1016.3031566800731
2022-03-31,2022-03-24,992.5,1020.5474163673634
2022-04-01,2022-03-25,985.0,996.7389596409381
2022-04-04,2022-03-28,986.5,980.2157626122209
2022-04-05,2022-03-29,969.4000244140624,967.781007697169
2022-04-06,2022-03-30,950.0999755859376,1003.1190874764646
2022-04-07,2022-03-31,954.9000244140624,1002.6050532883398
2022-04-08,2022-04-01,972.2000122070312,994.7927696080935
2022-04-11,2022-04-04,973.9000244140624,992.4390769160234
2022-04-12,2022-04-05,969.0,976.9150563077308
2022-04-13,2022-04-06,985.2000122070312,955.8542961326867
2022-04-14,2022-04-07,989.5999755859376,958.5959618109075
2022-04-18,2022-04-08,1015.4000244140624,976.423168959268
2022-04-19,2022-04-11,984.4000244140624,979.6554992360154
2022-04-20,2022-04-12,982.7999877929688,972.0815706598644
2022-04-21,2022-04-13,965.2999877929688,980.7057604433066
2022-04-22,2022-04-14,925.0999755859376,985.6919617015765
2022-04-25,2022-04-18,902.2999877929688,1012.4443568244615
2022-04-26,2022-04-19,911.9000244140624,979.2804318281809
2022-04-27,2022-04-20,910.0999755859376,977.5031100182958
2022-04-28,2022-04-21,910.4000244140624,963.3537777933341
2022-04-29,2022-04-22,937.5999755859376,929.8133643300831
2022-05-02,2022-04-25,930.5999755859376,914.2804049007214
2022-05-03,2022-04-26,956.5,929.5253794675876
2022-05-04,2022-04-27,978.2000122070312,929.9130790786608
2022-05-05,2022-04-28,971.7999877929688,926.4004420929134
2022-05-06,2022-04-29,954.5999755859376,947.3136404101845
2022-05-09,2022-05-02,938.5,929.8166685778119
2022-05-10,2022-05-03,953.5,950.8225266028617
2022-05-11,2022-05-04,995.7000122070312,963.427170343161
2022-05-12,2022-05-05,936.9000244140624,952.0043639677767
2022-05-13,2022-05-06,936.4000244140624,932.5269544438136
2022-05-16,2022-05-09,929.0,925.7346156027008
2022-05-17,2022-05-10,947.0999755859376,952.1548138969845
2022-05-18,2022-05-11,927.9000244140624,1001.2057357016644
2022-05-19,2022-05-12,957.5,943.8255208266517
2022-05-20,2022-05-13,946.2000122070312,938.6814405576133
2022-05-23,2022-05-16,955.5,941.2955023683426
2022-05-24,2022-05-17,946.7999877929688,961.5140639625856
2022-05-25,2022-05-18,933.4000244140624,938.9781836629109
2022-05-26,2022-05-19,941.5,963.2114852739063
2022-05-27,2022-05-20,945.5,946.9764044893093
2022-05-31,2022-05-23,969.2999877929688,953.175026859751
2022-06-01,2022-05-24,997.2000122070312,940.3420078649265
2022-06-02,2022-05-25,1029.199951171875,922.5306047053194
2022-06-03,2022-05-26,1017.2000122070312,936.2601738619353
2022-06-06,2022-05-27,1030.800048828125,942.7854097991266
2022-06-07,2022-05-31,1013.7000122070312,971.5668144724516
2022-06-08,2022-06-01,1012.4000244140624,991.4388526829232
2022-06-09,2022-06-02,976.7000122070312,1025.2155752774079
2022-06-10,2022-06-03,971.7999877929688,1005.3336796705103
2022-06-13,2022-06-06,933.0999755859376,1016.6228456806576
2022-06-14,2022-06-07,911.5,999.3629120783696
2022-06-15,2022-06-08,925.4000244140624,999.44735895852
2022-06-16,2022-06-09,951.9000244140624,977.3353442808515
2022-06-17,2022-06-10,931.0,977.4448454622963
2022-06-21,2022-06-13,940.0,948.911637492892
2022-06-22,2022-06-14,927.4000244140624,928.5067576213037
2022-06-23,2022-06-15,904.9000244140624,949.5380506894942
2022-06-24,2022-06-16,904.5,970.1613259546308
2022-06-27,2022-06-17,904.9000244140624,942.9595658263905
2022-06-28,2022-06-21,910.5999755859376,939.4872797440532
2022-06-29,2022-06-22,910.7999877929688,921.1274442048598
2022-06-30,2022-06-23,898.4000244140625,895.4744804934251
2022-07-01,2022-06-24,875.4000244140625,897.2056771859158
2022-07-05,2022-06-27,856.7999877929688,900.5371271695833
2022-07-06,2022-06-28,847.7999877929688,909.7279473362022
2022-07-07,2022-06-29,876.4000244140625,912.7591087493367
2022-07-08,2022-06-30,894.0,899.5643863085508
2022-07-11,2022-07-01,872.2000122070312,878.5589934798179
2022-07-12,2022-07-05,839.7000122070312,861.6154776224918
2022-07-13,2022-07-06,849.9000244140625,856.0178749471796
2022-07-14,2022-07-07,830.5999755859375,886.8514118971882
2022-07-15,2022-07-08,844.2000122070312,904.1702794050661
2022-07-18,2022-07-11,864.7999877929688,875.2884504395737
2022-07-19,2022-07-12,867.5999755859375,838.9022863889821
2022-07-20,2022-07-13,851.5,847.5542806143167
2022-07-21,2022-07-14,857.0999755859375,832.3904142699148
2022-07-22,2022-07-15,861.2000122070312,845.7970044311826
2022-07-25,2022-07-18,864.2999877929688,870.1916279760468
2022-07-26,2022-07-19,859.0999755859375,869.6787015987397
2022-07-27,2022-07-20,871.7999877929688,852.1634911831426
2022-07-28,2022-07-21,871.9000244140625,854.5625267620478
2022-07-29,2022-07-22,884.9000244140625,855.6421889839228
2022-08-01,2022-07-25,896.7000122070312,861.1960738444973
2022-08-02,2022-07-26,900.0999755859375,857.9284019124179
2022-08-03,2022-07-27,885.5999755859375,868.9585781229039
2022-08-04,2022-07-28,922.4000244140624,872.613003740918
2022-08-05,2022-07-29,921.9000244140624,885.3543555047298
2022-08-08,2022-08-01,937.2999877929688,896.7455657127164
2022-08-09,2022-08-02,931.9000244140624,895.1759741673643
2022-08-10,2022-08-03,945.0,878.0154136159633
2022-08-11,2022-08-04,958.2999877929688,916.5142896739496
2022-08-12,2022-08-05,958.2999877929688,916.4393422979277
2022-08-15,2022-08-08,932.5,933.5656330196324
2022-08-16,2022-08-09,929.9000244140624,925.8709237986426
2022-08-17,2022-08-10,918.0,937.6287680600537
2022-08-18,2022-08-11,903.5999755859376,952.1432665880441
2022-08-19,2022-08-12,886.9000244140625,950.3452491110702
2022-08-22,2022-08-15,866.9000244140625,927.2830420820034
2022-08-23,2022-08-16,875.2999877929688,927.3339326959709
2022-08-24,2022-08-17,866.2999877929688,921.729751507557
2022-08-25,2022-08-18,873.2999877929688,909.4129512030858
2022-08-26,2022-08-19,854.5999755859375,894.2808460938445
2022-08-29,2022-08-22,853.5,875.6914812773905
2022-08-30,2022-08-23,830.5999755859375,887.0767155983303
2022-08-31,2022-08-24,826.4000244140625,876.462410733793
2022-09-01,2022-08-25,804.0,876.626962098611
2022-09-02,2022-08-26,817.0999755859375,853.4540931432341
2022-09-06,2022-08-29,832.7000122070312,850.596264321697
2022-09-07,2022-08-30,846.0,829.9266920242158
2022-09-08,2022-08-31,865.2000122070312,822.5949185216841
2022-09-09,2022-09-01,876.0,804.0499570663181
2022-09-12,2022-09-02,903.2999877929688,821.123073957823
2022-09-13,2022-09-06,882.7999877929688,841.6665246429093
2022-09-14,2022-09-07,904.5,848.9735485583827
2022-09-15,2022-09-08,905.0,865.2882276550283
2022-09-16,2022-09-09,900.5,868.1277396233093
2022-09-19,2022-09-12,918.0,896.1507432350742
2022-09-20,2022-09-13,922.0,870.483105553252
2022-09-21,2022-09-14,915.9000244140624,891.7707432792504
2022-09-22,2022-09-15,905.7999877929688,896.677911451827
2022-09-23,2022-09-16,858.5,896.3827285465788
2022-09-26,2022-09-19,849.9000244140625,921.2146485736101
2022-09-27,2022-09-20,847.9000244140625,923.7152774298398
2022-09-28,2022-09-21,871.0999755859375,919.6255903971266
2022-09-29,2022-09-22,871.2999877929688,907.7852043470566
2022-09-30,2022-09-23,870.0,862.7043576420596
2022-10-03,2022-09-26,911.2999877929688,853.3211216842906
2022-10-04,2022-09-27,943.7000122070312,861.5023126629985
2022-10-05,2022-09-28,924.5999755859376,882.5655578069045
2022-10-06,2022-09-29,931.7000122070312,880.2189603320319
2022-10-07,2022-09-30,929.2000122070312,868.3607790156977
2022-10-10,2022-10-03,906.2000122070312,904.7569700570958
2022-10-11,2022-10-04,909.5,928.47167155642
2022-10-12,2022-10-05,891.4000244140625,900.5079932645106
2022-10-13,2022-10-06,906.7999877929688,904.5523549011076
2022-10-14,2022-10-07,905.2999877929688,905.3833605790653
2022-10-17,2022-10-10,924.0,895.3449032019623
2022-10-18,2022-10-11,917.7000122070312,908.0604164947697
2022-10-19,2022-10-12,891.5,896.8095656073571
2022-10-20,2022-10-13,930.0999755859376,920.6149130667443
2022-10-21,2022-10-14,954.5999755859376,920.7607808341825
2022-10-24,2022-10-17,947.2999877929688,934.9012441380135
2022-10-25,2022-10-18,939.7000122070312,923.2443865451701
2022-10-26,2022-10-19,982.5,891.1855307729976
2022-10-27,2022-10-20,987.4000244140624,929.6713123394259
2022-10-28,2022-10-21,958.4000244140624,945.2802284521049
2022-10-31,2022-10-24,939.4000244140624,934.319358504834
2022-11-01,2022-10-25,959.7999877929688,922.1402861236168
2022-11-02,2022-10-26,960.2000122070312,967.6766733687843
2022-11-03,2022-10-27,933.4000244140624,974.5916028962288
2022-11-04,2022-10-28,969.7999877929688,944.5292480104468
2022-11-07,2022-10-31,998.7000122070312,929.7599866140677
2022-11-08,2022-11-01,1023.7999877929688,959.2550504079449
2022-11-09,2022-11-02,1006.5999755859376,971.026128810229
2022-11-10,2022-11-03,1064.300048828125,940.8186434864058
2022-11-11,2022-11-04,1047.4000244140625,976.3279920226937
2022-11-14,2022-11-07,1042.300048828125,1001.4967675677132
2022-11-15,2022-11-08,1031.699951171875,1026.3713025364386
2022-11-16,2022-11-09,1025.5,994.1714969016263
2022-11-17,2022-11-10,1000.7999877929688,1039.6124036651754
2022-11-18,2022-11-11,1002.0,1025.7282665509422
2022-11-21,2022-11-14,1005.5999755859376,1026.1451610710226
2022-11-22,2022-11-15,1013.4000244140624,1019.1312686533012
2022-11-23,2022-11-16,1014.5,1012.4314413504467
2022-11-25,2022-11-17,1005.5,1004.2867179373661
2022-11-28,2022-11-18,1017.0,1011.8309576517946
2022-11-29,2022-11-21,1021.5999755859376,1020.0956384807681
2022-11-30,2022-11-22,1052.300048828125,1020.7432606452985
2022-12-01,2022-11-23,1067.9000244140625,1026.4675253770488
2022-12-02,2022-11-25,1039.5999755859375,1006.6708451599368
2022-12-05,2022-11-28,1020.5,1015.2740516733494
2022-12-06,2022-11-29,1008.4000244140624,1014.9477379026184
2022-12-07,2022-11-30,1024.5,1043.957137606261
2022-12-08,2022-12-01,1027.5999755859375,1055.9718654282628
2022-12-09,2022-12-02,1049.199951171875,1019.6667274835121
2022-12-12,2022-12-05,1021.0,1009.2215606129464
2022-12-13,2022-12-06,1051.9000244140625,1001.6274489650136
2022-12-14,2022-12-07,1051.699951171875,1029.4171673252408
2022-12-15,2022-12-08,1026.199951171875,1035.437793861358
2022-12-16,2022-12-09,1013.0,1058.2965860904399
2022-12-19,2022-12-12,1000.7000122070312,1025.3058931281103
2022-12-20,2022-12-13,1026.0,1055.6114415235488
2022-12-21,2022-12-14,1015.0,1052.0548431628358
2022-12-22,2022-12-15,997.5999755859376,1021.873177422262
2022-12-23,2022-12-16,1042.5999755859375,1007.1343041357816
2022-12-27,2022-12-19,1042.699951171875,999.3883127675994
2022-12-28,2022-12-20,1029.800048828125,1032.6347984859053
2022-12-29,2022-12-21,1049.699951171875,1022.4915828662324
2022-12-30,2022-12-22,1073.699951171875,1003.4478307493163
2023-01-03,2022-12-23,1082.0,1044.0529826943966
2023-01-04,2022-12-27,1080.699951171875,1043.7665404218694
2023-01-05,2022-12-28,1059.0999755859375,1024.0095908087246
2023-01-06,2022-12-29,1092.5999755859375,1042.750790420922
2023-01-09,2022-12-30,1086.300048828125,1067.465054626235
2023-01-10,2023-01-03,1076.5999755859375,1075.0083191222043
2023-01-11,2023-01-04,1073.800048828125,1076.2953520148913
2023-01-12,2023-01-05,1074.5999755859375,1045.7647873080432
2023-01-13,2023-01-06,1063.699951171875,1086.3912736101927
2023-01-17,2023-01-09,1037.5,1087.8581590217254
2023-01-18,2023-01-10,1034.5,1078.7318109084877
2023-01-19,2023-01-11,1032.0,1073.3585604364557
2023-01-20,2023-01-12,1038.0999755859375,1076.5866083784783
2023-01-23,2023-01-13,1046.699951171875,1072.1474927967006
2023-01-24,2023-01-17,1057.699951171875,1044.1602152279963
2023-01-25,2023-01-18,1037.0,1038.4813475810142
2023-01-26,2023-01-19,1013.5999755859376,1038.3583656033695
2023-01-27,2023-01-20,1007.4000244140624,1046.8228500524801
2023-01-30,2023-01-23,1011.4000244140624,1052.8565120277021
2023-01-31,2023-01-24,1012.0,1056.4415347077004
2023-02-01,2023-01-25,992.5999755859376,1032.45621322533
2023-02-02,2023-01-26,1023.5,1009.2181861224838
2023-02-03,2023-01-27,971.7999877929688,1003.8374723715058
2023-02-06,2023-01-30,966.0999755859376,1012.2346626180556
2023-02-07,2023-01-31,977.7000122070312,1020.1665999626027
2023-02-08,2023-02-01,978.7000122070312,998.0644921572559
2023-02-09,2023-02-02,957.9000244140624,1028.9395258256122
2023-02-10,2023-02-03,945.5999755859376,975.8730817644807
2023-02-13,2023-02-06,953.2999877929688,974.0369858439452
2023-02-14,2023-02-07,933.0999755859376,988.3431774368212
2023-02-15,2023-02-08,911.7000122070312,986.0002023705357
2023-02-16,2023-02-09,925.0999755859376,965.0039783358906
2023-02-17,2023-02-10,915.5,951.8463003033346
2023-02-21,2023-02-13,942.7000122070312,960.9894247764094
2023-02-22,2023-02-14,947.4000244140624,941.2120692310771
2023-02-23,2023-02-15,939.5999755859376,921.3826580306502
2023-02-24,2023-02-16,902.0,930.8703577048773
2023-02-27,2023-02-17,941.5999755859376,923.3807448539189
2023-02-28,2023-02-21,955.2000122070312,950.5510729307005
2023-03-01,2023-02-22,961.5,952.4994559683496
2023-03-02,2023-02-23,962.9000244140624,938.7271787139123
2023-03-03,2023-02-24,977.2000122070312,898.2441099998252
2023-03-06,2023-02-27,976.0999755859376,942.8456728962223
2023-03-07,2023-02-28,933.4000244140624,951.954877237055
2023-03-08,2023-03-01,938.0999755859376,961.2832130936539
2023-03-09,2023-03-02,946.7999877929688,960.0152515626992
2023-03-10,2023-03-03,959.7000122070312,972.7367039785502
2023-03-13,2023-03-06,1002.5,974.3893819579962
2023-03-14,2023-03-07,994.9000244140624,933.5417323688388
2023-03-15,2023-03-08,967.9000244140624,941.3079127316068
2023-03-16,2023-03-09,974.7000122070312,953.5466352217964
2023-03-17,2023-03-10,976.7000122070312,971.4827716559449
2023-03-20,2023-03-13,994.9000244140624,1009.9814505682966
2023-03-21,2023-03-14,974.7999877929688,994.1688351138239
2023-03-22,2023-03-15,985.0999755859376,965.8407890730725
2023-03-23,2023-03-16,991.0,968.1486037855316
2023-03-24,2023-03-17,982.0,966.6700533280263
2023-03-27,2023-03-20,975.2000122070312,984.3426348334876
2023-03-28,2023-03-21,961.5,973.5349598862548
2023-03-29,2023-03-22,963.5999755859376,982.8533426301074
2023-03-30,2023-03-23,985.2000122070312,992.7994531018696
2023-03-31,2023-03-24,994.0999755859376,982.1491236670213
2023-04-03,2023-03-27,986.9000244140624,974.7760596894848
2023-04-04,2023-03-28,1018.7000122070312,962.7591507298536
2023-04-05,2023-03-29,997.5,964.9363482931717
2023-04-06,2023-03-30,1006.9000244140624,987.7429723120787
2023-04-10,2023-03-31,993.0999755859376,993.5333997754584
2023-04-11,2023-04-03,995.5999755859376,987.4992946898113
2023-04-12,2023-04-04,1018.0,1015.970456962981
2023-04-13,2023-04-05,1056.0999755859375,985.4744701807799
2023-04-14,2023-04-06,1044.5999755859375,992.3006227825574
2023-04-17,2023-04-10,1050.4000244140625,984.3949620241144
2023-04-18,2023-04-11,1087.9000244140625,990.6739833348477
2023-04-19,2023-04-12,1096.699951171875,1020.8505439777657
2023-04-20,2023-04-13,1098.699951171875,1054.1744871406945
2023-04-21,2023-04-14,1129.800048828125,1038.3479231488454
2023-04-24,2023-04-17,1088.800048828125,1043.5102887018497
2023-04-25,2023-04-18,1089.300048828125,1080.7734567925659
2023-04-26,2023-04-19,1097.0999755859375,1083.1452725782192
2023-04-27,2023-04-20,1091.300048828125,1083.6833598045191
2023-04-28,2023-04-21,1088.199951171875,1113.0858052376554
2023-05-01,2023-04-24,1062.800048828125,1078.3834417323965
2023-05-02,2023-04-25,1076.4000244140625,1085.6059886699095
2023-05-03,2023-04-26,1059.9000244140625,1098.727966218214
2023-05-04,2023-04-27,1048.4000244140625,1093.7483910261824
2023-05-05,2023-04-28,1066.4000244140625,1092.4956749038884
2023-05-08,2023-05-01,1088.800048828125,1075.2419214000588
2023-05-09,2023-05-02,1117.0999755859375,1080.0282717001069
2023-05-10,2023-05-03,1122.199951171875,1066.4542838913349
2023-05-11,2023-05-04,1108.0999755859375,1056.16015895692
2023-05-12,2023-05-05,1070.0999755859375,1065.9489478054195
2023-05-15,2023-05-08,1077.800048828125,1083.570093497187
2023-05-16,2023-05-09,1070.0,1104.0159588652255
2023-05-17,2023-05-10,1085.699951171875,1100.6047320495236
2023-05-18,2023-05-11,1061.300048828125,1085.5385197877
2023-05-19,2023-05-12,1078.800048828125,1054.0701207420132
2023-05-22,2023-05-15,1080.4000244140625,1070.6687777279224
2023-05-23,2023-05-16,1060.699951171875,1067.0505664008454
2023-05-24,2023-05-17,1032.5999755859375,1093.1641280922418
2023-05-25,2023-05-18,1029.4000244140625,1072.509981789442
2023-05-26,2023-05-19,1031.199951171875,1091.3111956024409
2023-05-30,2023-05-22,1030.0,1095.0043364907392
2023-05-31,2023-05-23,1007.0999755859376,1068.4838185102667
2023-06-01,2023-05-24,1018.2000122070312,1040.0018175613193
2023-06-02,2023-05-25,1011.5999755859376,1032.3654517923212
2023-06-05,2023-05-26,1044.5,1038.0884702799017
2023-06-06,2023-05-30,1046.800048828125,1035.5180765528694
2023-06-07,2023-05-31,1032.699951171875,1012.4834275434678
2023-06-08,2023-06-01,1022.0,1023.1574121746387
2023-06-09,2023-06-02,1020.9000244140624,1015.3576367921373
2023-06-12,2023-06-05,1003.4000244140624,1044.102780464669
2023-06-13,2023-06-06,990.0,1039.3286112649635
2023-06-14,2023-06-07,988.0999755859376,1025.560727557218
2023-06-15,2023-06-08,1000.0,1016.7735436041091
2023-06-16,2023-06-09,995.4000244140624,1020.3888809240044
2023-06-20,2023-06-12,976.0999755859376,1004.8533650189763
2023-06-21,2023-06-13,957.0999755859376,998.5444471372884
2023-06-22,2023-06-14,934.5999755859376,999.6712185651371
2023-06-23,2023-06-15,931.7999877929688,1012.2230102228282
2023-06-26,2023-06-16,936.7000122070312,1009.1046534002323
2023-06-27,2023-06-20,936.5999755859376,986.8637735750931
2023-06-28,2023-06-21,923.4000244140624,967.6070274312603
2023-06-29,2023-06-22,897.7999877929688,946.6926339383109
2023-06-30,2023-06-23,904.5,941.0826860085158
2023-07-03,2023-06-26,909.2999877929688,945.952008115971
2023-07-05,2023-06-27,918.0999755859376,942.6769774019035
2023-07-06,2023-06-28,904.5,931.6227646551972
2023-07-07,2023-06-29,910.0999755859376,902.2837500969677
2023-07-10,2023-06-30,929.2000122070312,907.4305580588357
2023-07-11,2023-07-03,925.5999755859376,913.4648333496772
2023-07-12,2023-07-05,948.9000244140624,920.902921961329
2023-07-13,2023-07-06,975.2999877929688,905.3532408341854
2023-07-14,2023-07-07,974.0,907.4794024468894
2023-07-17,2023-07-10,977.7999877929688,927.8598919116897
2023-07-18,2023-07-11,985.2000122070312,925.5900923873561
2023-07-19,2023-07-12,975.4000244140624,945.6498888951323
2023-07-20,2023-07-13,954.7000122070312,966.7245040906513
2023-07-21,2023-07-14,963.0999755859376,962.9250084861307
2023-07-24,2023-07-17,960.5,969.1404994589382
2023-07-25,2023-07-18,967.7000122070312,980.1139922826648
2023-07-26,2023-07-19,964.0,972.7025215189441
2023-07-27,2023-07-20,937.0,959.1784050064736
2023-07-28,2023-07-21,937.5999755859376,969.3488847338451
2023-07-31,2023-07-24,949.7000122070312,967.5602801348315
2023-08-01,2023-07-25,931.4000244140624,980.2774519414249
2023-08-02,2023-07-26,921.2999877929688,975.665174831935
2023-08-03,2023-07-27,912.7999877929688,944.3895232629179
2023-08-04,2023-07-28,919.4000244140624,941.441758353359
2023-08-07,2023-07-31,921.5,954.8554404778893
2023-08-08,2023-08-01,897.9000244140625,932.4565774146138
2023-08-09,2023-08-02,886.2000122070312,920.0250651414449
2023-08-10,2023-08-03,908.2000122070312,912.9055168637365
2023-08-11,2023-08-04,907.9000244140624,917.4946171505064
2023-08-14,2023-08-07,900.0999755859375,922.3619794605913
2023-08-15,2023-08-08,885.9000244140625,898.229375159847
2023-08-16,2023-08-09,885.2999877929688,885.0439487856356
2023-08-17,2023-08-10,889.5999755859375,909.9605388631376
2023-08-18,2023-08-11,909.2000122070312,909.70893912435
2023-08-21,2023-08-14,908.0,901.2162792960296
2023-08-22,2023-08-15,919.5,886.9180465404127
2023-08-23,2023-08-16,932.7000122070312,888.342239428267
2023-08-24,2023-08-17,939.0999755859376,892.2413591584796
2023-08-25,2023-08-18,944.2999877929688,909.2970628882189
2023-08-28,2023-08-21,968.2999877929688,907.9279975736711
2023-08-29,2023-08-22,982.2000122070312,918.3047731608361
2023-08-30,2023-08-23,980.2000122070312,930.2507965955281
2023-08-31,2023-08-24,971.2999877929688,932.0968319458534
2023-09-01,2023-08-25,965.5999755859376,934.8963401779112
2023-09-05,2023-08-28,930.4000244140624,962.6612505450519
2023-09-06,2023-08-29,912.2000122070312,975.5714485394828
2023-09-07,2023-08-30,906.5,970.392093631998
2023-09-08,2023-08-31,891.7000122070312,963.710704055643
2023-09-11,2023-09-01,899.2000122070312,964.349093923463
2023-09-12,2023-09-05,909.7000122070312,937.1518740697977
2023-09-13,2023-09-06,902.0999755859376,925.0767853301722
2023-09-14,2023-09-07,908.0,919.3657187339384
2023-09-15,2023-09-08,926.4000244140624,907.4139246360335
2023-09-18,2023-09-11,938.2999877929688,918.5313881218598
2023-09-19,2023-09-12,948.4000244140624,924.0155757036027
2023-09-20,2023-09-13,942.2999877929688,905.2511863635658
2023-09-21,2023-09-14,924.5999755859376,904.2298550171961
2023-09-22,2023-09-15,934.0999755859376,914.5909973821726
2023-09-25,2023-09-18,917.5,920.5640541394132
2023-09-26,2023-09-19,906.5,929.3058960408437
2023-09-27,2023-09-20,886.7999877929688,923.4528513204987
2023-09-28,2023-09-21,905.2999877929688,909.2444624563727
2023-09-29,2023-09-22,906.7999877929688,927.5614378330218
2023-10-02,2023-09-25,876.9000244140625,919.5543324059859
2023-10-03,2023-09-26,868.2999877929688,914.3084790865905
2023-10-04,2023-09-27,864.5,900.4503780308066
2023-10-05,2023-09-28,852.7999877929688,923.1897307651147
2023-10-06,2023-09-29,871.7000122070312,923.1203999400544
2023-10-09,2023-10-02,879.2000122070312,891.1264814342139
2023-10-10,2023-10-03,880.5,879.8656529365111
2023-10-11,2023-10-04,881.5999755859375,870.6499748008027
2023-10-12,2023-10-05,867.0,857.8349745616515
2023-10-13,2023-10-06,875.5,874.9185895872976
2023-10-16,2023-10-09,890.4000244140625,878.9680523904336
2023-10-17,2023-10-10,896.9000244140625,876.4674015683388
2023-10-18,2023-10-11,884.5999755859375,877.3905351891468
2023-10-19,2023-10-12,889.2999877929688,858.6072620683545
2023-10-20,2023-10-13,896.7000122070312,868.4744216907379
2023-10-23,2023-10-16,896.5999755859375,889.4872694788569
2023-10-24,2023-10-17,884.5999755859375,895.4487440966896
2023-10-25,2023-10-18,904.7999877929688,882.4617564480893
2023-10-26,2023-10-19,900.0999755859375,887.2655332880026
2023-10-27,2023-10-20,897.2000122070312,899.5239624825372
2023-10-30,2023-10-23,931.7999877929688,900.3440120073092
2023-10-31,2023-10-24,936.5,887.0089420701021
2023-11-01,2023-10-25,922.5999755859376,905.363004655577
2023-11-02,2023-10-26,922.5,900.0963394692042
2023-11-03,2023-10-27,936.5999755859376,899.1265900336127
2023-11-06,2023-10-30,910.2000122070312,934.1417445662157
2023-11-07,2023-10-31,891.5,931.4987689060058
2023-11-08,2023-11-01,865.4000244140625,916.5013530732919
2023-11-09,2023-11-02,856.5999755859375,914.5367672695559
2023-11-10,2023-11-03,838.5999755859375,926.9742577736527
2023-11-13,2023-11-06,857.0,907.4994241491712
2023-11-14,2023-11-07,886.2000122070312,895.2606534799127
2023-11-15,2023-11-08,895.2999877929688,871.6877491616178
2023-11-16,2023-11-09,897.0999755859375,865.9537941751803
2023-11-17,2023-11-10,894.7000122070312,853.9877289661026
2023-11-20,2023-11-13,921.5,873.1477163808946
2023-11-21,2023-11-14,940.0,897.9010433242954
2023-11-22,2023-11-15,924.5999755859376,896.8618889826363
2023-11-24,2023-11-16,931.0999755859376,890.215029330524
2023-11-27,2023-11-17,917.0999755859376,877.9253567050553
2023-11-28,2023-11-20,944.0999755859376,905.0238217155368
2023-11-29,2023-11-21,936.4000244140624,923.1899968104373
2023-11-30,2023-11-22,931.2000122070312,906.8894977149671
2023-12-01,2023-11-24,932.0,915.9833028979125
2023-12-04,2023-11-27,921.0999755859376,910.1473907374652
2023-12-05,2023-11-28,902.5999755859376,946.12061095217
2023-12-06,2023-11-29,889.7000122070312,942.9830906503231
2023-12-07,2023-11-30,908.0999755859376,938.0258495770769
2023-12-08,2023-12-01,916.2000122070312,937.0150990829411
2023-12-11,2023-12-04,912.0999755859376,929.7591532759111
2023-12-12,2023-12-05,927.4000244140624,909.7601934658912
2023-12-13,2023-12-06,918.5,897.9619631953956
2023-12-14,2023-12-07,965.0999755859376,916.6758780639138
2023-12-15,2023-12-08,949.7999877929688,921.0220724092196
2023-12-18,2023-12-11,951.5,913.3154227362895
2023-12-19,2023-12-12,963.0,920.2431712764994
2023-12-20,2023-12-13,971.2999877929688,911.4294378574366
2023-12-21,2023-12-14,967.5999755859376,957.0588342055048
2023-12-22,2023-12-15,979.5,938.4463849713937
2023-12-26,2023-12-18,980.0999755859376,937.5754230752041
2023-12-27,2023-12-19,1000.0999755859376,949.7071131883255
2023-12-28,2023-12-20,1007.4000244140624,965.6212514984588
2023-12-29,2023-12-21,995.0,962.2623757231681
2024-01-02,2023-12-22,985.5,978.404126729356
2024-01-03,2023-12-26,974.4000244140624,978.6394679951773
2024-01-04,2023-12-27,953.9000244140624,998.5799418673494
2024-01-05,2023-12-28,959.2999877929688,1008.1430009410067
2024-01-08,2023-12-29,946.7000122070312,990.2802281764266
2024-01-09,2024-01-02,931.0,985.1694223834074
2024-01-10,2024-01-03,918.7999877929688,974.8246709183416
2024-01-11,2024-01-04,909.0,957.3894185018828
2024-01-12,2024-01-05,910.0999755859376,964.5993086479652
2024-01-16,2024-01-08,895.0999755859375,954.4099844531979
2024-01-17,2024-01-09,882.7999877929688,941.8112044618979
2024-01-18,2024-01-10,903.2999877929688,926.1942192898603
2024-01-19,2024-01-11,897.2999877929688,917.615519489339
2024-01-22,2024-01-12,894.4000244140625,916.7646790834576
2024-01-23,2024-01-16,896.2000122070312,902.2741605913723
2024-01-24,2024-01-17,905.5999755859376,887.6109003866504
2024-01-25,2024-01-18,887.4000244140625,905.3031950439274
2024-01-26,2024-01-19,911.2999877929688,897.8668399626436
2024-01-29,2024-01-22,928.5999755859376,894.8842965100545
2024-01-30,2024-01-23,923.2999877929688,894.2268789577715
2024-01-31,2024-01-24,924.4000244140624,900.9154415410126
2024-02-01,2024-01-25,914.0,883.3135003650923
2024-02-02,2024-01-26,893.7999877929688,909.5126805007591
2024-02-05,2024-01-29,895.9000244140625,926.7500644422496
2024-02-06,2024-01-30,903.2000122070312,920.7968168755925
2024-02-07,2024-01-31,879.4000244140625,921.9165168181864
2024-02-08,2024-02-01,886.5999755859375,910.309177650428
2024-02-09,2024-02-02,871.4000244140625,892.7995002816347
2024-02-12,2024-02-05,891.0999755859375,901.5349461337622
2024-02-13,2024-02-06,872.7000122070312,913.2000603003803
2024-02-14,2024-02-07,891.2000122070312,885.3919754492171
2024-02-15,2024-02-08,899.0999755859375,895.416888231882
2024-02-16,2024-02-09,907.5999755859376,879.3451966080429
2024-02-20,2024-02-12,909.7000122070312,897.142724779588
2024-02-21,2024-02-13,885.0,877.7663001325866
2024-02-22,2024-02-14,901.7000122070312,891.2218919720863
2024-02-23,2024-02-15,906.0,895.4771576088065
2024-02-26,2024-02-16,876.7999877929688,901.2214004631543
2024-02-27,2024-02-20,892.7999877929688,904.5327336946867
2024-02-28,2024-02-21,880.7000122070312,875.4085906584505
2024-02-29,2024-02-22,879.9000244140625,897.5729365795619
2024-03-01,2024-02-23,884.2000122070312,902.3894457095303
2024-03-04,2024-02-26,900.5,877.3801077103385
2024-03-05,2024-02-27,883.2999877929688,894.6238706220929
2024-03-06,2024-02-28,910.7000122070312,886.8444016915497
2024-03-07,2024-02-29,920.0999755859376,885.3330920168804
2024-03-08,2024-03-01,912.0,891.4654367156045
2024-03-11,2024-03-04,937.7000122070312,904.5531506235534
2024-03-12,2024-03-05,925.4000244140624,881.5959363257462
2024-03-13,2024-03-06,942.2999877929688,911.3910446695561
2024-03-14,2024-03-07,933.4000244140624,913.027396402987
2024-03-15,2024-03-08,941.2000122070312,904.181266143943
2024-03-18,2024-03-11,918.5,930.2009380267525
2024-03-19,2024-03-12,898.9000244140625,916.7511250369707
2024-03-20,2024-03-13,897.0999755859375,933.8004465632457
2024-03-21,2024-03-14,910.7000122070312,924.4228957373457
2024-03-22,2024-03-15,896.0999755859375,939.460603174025
2024-03-25,2024-03-18,906.7000122070312,916.1273334893326
2024-03-26,2024-03-19,908.5999755859376,902.8304072778333
2024-03-27,2024-03-20,895.9000244140625,904.5592184994678
2024-03-28,2024-03-21,907.7000122070312,917.359544403696
2024-04-01,2024-03-22,900.9000244140624,907.5129048935476
2024-04-02,2024-03-25,922.2000122070312,912.3930416172174
2024-04-03,2024-03-26,934.0,912.8017729132766
2024-04-04,2024-03-27,939.7999877929688,892.236720187175
2024-04-05,2024-03-28,928.5,908.2267305990425
2024-04-08,2024-04-01,961.9000244140624,895.4264144071193
2024-04-09,2024-04-02,972.4000244140624,918.2149544985089
2024-04-10,2024-04-03,964.5999755859376,928.0035054610873
2024-04-11,2024-04-04,976.0999755859376,930.612657228618
2024-04-12,2024-04-05,990.5,920.7362735502019
2024-04-15,2024-04-08,969.7999877929688,953.5068412137528
2024-04-16,2024-04-09,964.0,965.4514760222482
2024-04-17,2024-04-10,942.7000122070312,954.4743218688939
2024-04-18,2024-04-11,945.2999877929688,967.4581451479904
2024-04-19,2024-04-12,934.0999755859376,982.2330187315155
2024-04-22,2024-04-15,922.2000122070312,968.8131590294025
2024-04-23,2024-04-16,913.7000122070312,964.6154241142491
2024-04-24,2024-04-17,910.0,946.106803032053
2024-04-25,2024-04-18,913.7000122070312,948.9620732201927
2024-04-26,2024-04-19,914.2999877929688,945.4020487593004
2024-04-29,2024-04-22,954.0999755859376,933.0226290432302
2024-04-30,2024-04-23,941.2000122070312,922.6945344900143
2024-05-01,2024-04-24,949.0,921.8208857531783
2024-05-02,2024-04-25,956.7000122070312,920.7970073659724
2024-05-03,2024-04-26,959.5999755859376,916.190239550379
2024-05-06,2024-04-29,959.2999877929688,950.3349679209252
2024-05-07,2024-04-30,981.4000244140624,932.9764708317584
2024-05-08,2024-05-01,978.5999755859376,936.3557072129079
2024-05-09,2024-05-02,984.7000122070312,941.63949712527
2024-05-10,2024-05-03,1001.0999755859376,945.1864417203781
2024-05-13,2024-05-06,1005.2999877929688,949.5505521501647
2024-05-14,2024-05-07,1039.300048828125,977.3893996443685
2024-05-15,2024-05-08,1063.300048828125,974.5792928609409
2024-05-16,2024-05-09,1065.4000244140625,978.6266512356349
2024-05-17,2024-05-10,1084.5999755859375,1001.7608262515057
2024-05-20,2024-05-13,1059.699951171875,1000.9179445750374
2024-05-21,2024-05-14,1056.699951171875,1036.8915612321996
2024-05-22,2024-05-15,1044.0999755859375,1054.7178814503134
2024-05-23,2024-05-16,1025.699951171875,1053.4717289659095
2024-05-24,2024-05-17,1034.800048828125,1069.9647468963205
2024-05-28,2024-05-20,1061.699951171875,1046.258779731892
2024-05-29,2024-05-21,1042.699951171875,1047.3941577005344
2024-05-30,2024-05-22,1032.9000244140625,1039.064714825446
2024-05-31,2024-05-23,1037.699951171875,1027.8705446429535
2024-06-03,2024-05-24,1018.5,1041.0048187154075
2024-06-04,2024-05-28,991.5999755859376,1073.165960061092
2024-06-05,2024-05-29,996.0,1048.2188697951838
2024-06-06,2024-05-30,1008.2999877929688,1034.1936543725533
2024-06-07,2024-05-31,967.7999877929688,1037.5550162514041
2024-06-10,2024-06-03,972.5,1017.0083998917257
2024-06-11,2024-06-04,955.5999755859376,992.6211474478577
2024-06-12,2024-06-05,968.2000122070312,999.5209210534172
2024-06-13,2024-06-06,951.2999877929688,1013.4794702535078
2024-06-14,2024-06-07,955.2999877929688,972.1812296368547
2024-06-17,2024-06-10,967.7999877929688,981.0100030477083
2024-06-18,2024-06-11,974.0999755859376,961.6260441627339
2024-06-20,2024-06-12,981.5999755859376,973.5019954962033
2024-06-21,2024-06-13,993.7000122070312,959.815192744751
2024-06-24,2024-06-14,999.0999755859376,960.4690931433727
2024-06-25,2024-06-17,983.7000122070312,971.6243060105182
2024-06-26,2024-06-18,1020.7000122070312,975.4618252824898
2024-06-27,2024-06-20,991.7000122070312,983.0947837580384
2024-06-28,2024-06-21,1001.9000244140624,987.9986575430394
2024-07-01,2024-06-24,978.2999877929688,994.341741552828
2024-07-02,2024-06-25,998.2000122070312,976.2404153033846
2024-07-03,2024-06-26,1002.0,1017.9921479832337
2024-07-05,2024-06-27,1035.300048828125,985.8508512569256
2024-07-08,2024-06-28,1003.7000122070312,1002.3436204728874
2024-07-09,2024-07-01,989.7000122070312,981.9077377418942
2024-07-10,2024-07-02,997.5,1002.4550364440179
2024-07-11,2024-07-03,1005.5,1007.7266001203691
2024-07-12,2024-07-05,999.0,1037.9559688604543
2024-07-15,2024-07-08,998.5,1007.6680113050306
2024-07-16,2024-07-09,1000.0,983.3264620090013
2024-07-17,2024-07-10,996.9000244140624,997.5636811430986
2024-07-18,2024-07-11,974.7000122070312,1003.6140943694325
2024-07-19,2024-07-12,962.5,1003.0890664783261
2024-07-22,2024-07-15,945.4000244140624,999.1291025919445
2024-07-23,2024-07-16,945.0,1001.5287991363612
2024-07-24,2024-07-17,958.7999877929688,994.8231416296942
2024-07-25,2024-07-18,934.9000244140624,975.7662138103155
2024-07-26,2024-07-19,934.0999755859376,965.4529121122084
2024-07-29,2024-07-22,949.0,949.3733533084778
2024-07-30,2024-07-23,965.0,955.3183664444252
2024-07-31,2024-07-24,982.2000122070312,966.7164203864784
2024-08-01,2024-07-25,965.4000244140624,942.886011266655
2024-08-02,2024-07-26,962.7000122070312,939.0252117829306
2024-08-05,2024-07-29,911.0,956.6402317803388
2024-08-06,2024-07-30,915.4000244140624,965.4382145332129
2024-08-07,2024-07-31,924.0999755859376,980.9343295456038
2024-08-08,2024-08-01,934.2999877929688,959.0781127966861
2024-08-09,2024-08-02,927.5999755859376,956.6998339822645
2024-08-12,2024-08-05,945.0999755859376,906.698357173048
2024-08-13,2024-08-06,943.0999755859376,918.4600575574561
2024-08-14,2024-08-07,927.5999755859376,933.8044541076983
2024-08-15,2024-08-08,960.0,947.2085918516593
2024-08-16,2024-08-09,957.2999877929688,939.4800960229306
2024-08-19,2024-08-12,958.9000244140624,952.3331597846766
2024-08-20,2024-08-13,951.5999755859376,944.1015547978043
2024-08-21,2024-08-14,968.2000122070312,926.8239799603308
2024-08-22,2024-08-15,948.5999755859376,960.5821656215255
2024-08-23,2024-08-16,960.4000244140624,951.344099562134
2024-08-26,2024-08-19,968.5999755859376,955.626977631268
2024-08-27,2024-08-20,959.0,946.3635158914419
2024-08-28,2024-08-21,933.7000122070312,965.9788947453443
2024-08-29,2024-08-22,941.4000244140624,945.544776310884
2024-08-30,2024-08-23,927.7999877929688,961.9161701661849
2024-09-03,2024-08-26,905.2999877929688,972.02486269159
2024-09-04,2024-08-27,903.7999877929688,957.0529930923938
2024-09-05,2024-08-28,925.9000244140624,938.525813045447
2024-09-06,2024-08-29,914.2999877929688,944.6653248886421
2024-09-09,2024-08-30,942.5,934.6714465228482
2024-09-10,2024-09-03,939.9000244140624,909.995763748108
2024-09-11,2024-09-04,952.4000244140624,913.5993491433356
2024-09-12,2024-09-05,981.9000244140624,930.8587743722484
2024-09-13,2024-09-06,1006.5,919.7691739734753
2024-09-16,2024-09-09,987.9000244140624,947.6328602401497
2024-09-17,2024-09-10,982.7999877929688,937.0146793462686
2024-09-18,2024-09-11,974.7999877929688,945.0304057475664
2024-09-19,2024-09-12,994.0999755859376,973.3052766686683
2024-09-20,2024-09-13,981.5999755859376,996.3926513861186
2024-09-23,2024-09-16,961.5,973.6836626118319
2024-09-24,2024-09-17,987.4000244140624,971.7024832475597
2024-09-25,2024-09-18,991.4000244140624,968.1926348136132
2024-09-26,2024-09-19,1011.0999755859376,991.0408309636593
2024-09-27,2024-09-20,1008.5,984.9397107294603
2024-09-30,2024-09-23,979.0,967.3839420300806
2024-10-01,2024-09-24,988.4000244140624,993.5586562846559
2024-10-02,2024-09-25,1004.4000244140624,996.3139221760347
2024-10-03,2024-09-26,993.2000122070312,1015.3014120466291
2024-10-04,2024-09-27,989.7999877929688,1006.1166771240335
2024-10-07,2024-09-30,977.0,972.5886350994506
2024-10-08,2024-10-01,951.7000122070312,984.0501153318403
2024-10-09,2024-10-02,948.7000122070312,999.7923804965031
2024-10-10,2024-10-03,967.7000122070312,991.0669737502134
2024-10-11,2024-10-04,985.0,988.0576762431034
2024-10-14,2024-10-07,994.9000244140624,977.1140701097988
2024-10-15,2024-10-08,987.7000122070312,952.4853641617034
2024-10-16,2024-10-09,993.7999877929688,954.4126043554511
2024-10-17,2024-10-10,997.0,974.1258371688631
2024-10-18,2024-10-11,1015.0999755859376,993.7125591152003
2024-10-21,2024-10-14,1007.5999755859376,999.4227899173493
2024-10-22,2024-10-15,1033.0,984.5444627140241
2024-10-23,2024-10-16,1019.7999877929688,985.4032922439487
2024-10-24,2024-10-17,1024.199951171875,988.5513194970465
2024-10-25,2024-10-18,1027.199951171875,1010.0645338398147
2024-10-28,2024-10-21,1037.300048828125,997.790575812794
2024-10-29,2024-10-22,1051.0,1022.6552638288408
2024-10-30,2024-10-23,1013.0999755859376,1014.9799591051151
2024-10-31,2024-10-24,991.5999755859376,1020.9580250744866
2024-11-01,2024-10-25,995.0999755859376,1028.5701961517443
2024-11-04,2024-10-28,982.4000244140624,1038.5680007159654
2024-11-05,2024-10-29,1000.4000244140624,1048.946102213908
2024-11-06,2024-10-30,986.0,1010.2486958460943
2024-11-07,2024-10-31,992.7999877929688,992.3945601539252
2024-11-08,2024-11-01,973.5999755859376,1000.752135359374
2024-11-11,2024-11-04,964.2999877929688,995.1739917651221
2024-11-12,2024-11-05,942.9000244140624,1010.8313971363376
2024-11-13,2024-11-06,938.0999755859376,991.314123118591
2024-11-14,2024-11-07,938.7000122070312,994.2923576152048
2024-11-15,2024-11-08,939.7999877929688,975.7600031970474
2024-11-18,2024-11-11,969.0999755859376,967.1389804677644
2024-11-19,2024-11-12,973.2999877929688,944.5690925831124
2024-11-20,2024-11-13,960.7000122070312,943.0677829575664
2024-11-21,2024-11-14,965.2000122070312,943.9858392490758
2024-11-22,2024-11-15,969.7000122070312,947.5167889309494
2024-11-25,2024-11-18,938.7999877929688,977.1289071617255
2024-11-26,2024-11-19,923.2999877929688,978.2063407195635
2024-11-27,2024-11-20,926.9000244140624,961.7382941281415
2024-11-29,2024-11-21,949.5,958.5960139517899
2024-12-02,2024-11-22,945.9000244140624,964.3321890128166
2024-12-03,2024-11-25,955.7999877929688,936.4859621623392
2024-12-04,2024-11-26,948.9000244140624,928.548684263274
2024-12-05,2024-11-27,937.2000122070312,937.1597490380277
2024-12-06,2024-11-29,930.0,960.9282716061904
2024-12-09,2024-12-02,950.2000122070312,961.1868558082155
2024-12-10,2024-12-03,945.2999877929688,963.0470669726917
2024-12-11,2024-12-04,947.0,951.2859324856306
2024-12-12,2024-12-05,936.5999755859376,933.3721811565586
2024-12-13,2024-12-06,921.2999877929688,931.07301789951
2024-12-16,2024-12-09,938.2999877929688,950.8270802994964
2024-12-17,2024-12-10,941.5,947.69940661101
2024-12-18,2024-12-11,932.5999755859376,949.6959953549838
2024-12-19,2024-12-12,921.5,936.1976372879328
2024-12-20,2024-12-13,934.4000244140624,919.5143828256698
2024-12-23,2024-12-16,946.9000244140624,941.8728891077347
2024-12-24,2024-12-17,958.5,945.8429635262331
2024-12-26,2024-12-18,952.2000122070312,935.397979965531
2024-12-27,2024-12-19,917.5,922.006930227719
2024-12-30,2024-12-20,902.4000244140624,936.6183326044538
2024-12-31,2024-12-23,894.0,949.8987655856197
2025-01-02,2024-12-24,908.9000244140624,959.0077725409337
2025-01-03,2024-12-26,934.5999755859376,949.7014015359648
2025-01-06,2024-12-27,929.2999877929688,911.5905079006387
2025-01-07,2024-12-30,962.7999877929688,902.1873869424535
2025-01-08,2024-12-31,969.7999877929688,898.0200084054553
2025-01-09,2025-01-02,970.2999877929688,918.8757033932445
2025-01-10,2025-01-03,982.0999755859376,945.3215313080253
2025-01-13,2025-01-06,962.0999755859376,936.8112186803121
2025-01-14,2025-01-07,936.2000122070312,960.6647335471464
2025-01-15,2025-01-08,931.2999877929688,962.2148944056214
2025-01-16,2025-01-09,934.2999877929688,959.6049217381026
2025-01-17,2025-01-10,951.0999755859376,971.2088790683098
2025-01-21,2025-01-13,957.2000122070312,953.6802743438984
2025-01-22,2025-01-14,958.2000122070312,930.4337041762158
2025-01-23,2025-01-15,957.0999755859376,932.9046025005011
2025-01-24,2025-01-16,957.5999755859376,940.7645806433101
2025-01-27,2025-01-17,946.9000244140624,961.5749620727489
2025-01-28,2025-01-21,947.0,966.2077430776912
2025-01-29,2025-01-22,965.4000244140624,960.0092747417357
2025-01-30,2025-01-23,1016.5,954.0106219175589
2025-01-31,2025-01-24,1033.199951171875,953.4622891068079
2025-02-03,2025-01-27,991.7999877929688,945.2406110233684
2025-02-04,2025-01-28,1002.5,944.8264160499613
2025-02-05,2025-01-29,1015.5999755859376,965.0244851612968
2025-02-06,2025-01-30,1013.7000122070312,1016.6457410534873
2025-02-07,2025-01-31,1011.0999755859376,1026.9087386390288
2025-02-10,2025-02-03,1022.5,982.293543826431
2025-02-11,2025-02-04,1026.9000244140625,990.6185336031572
2025-02-12,2025-02-05,1038.699951171875,1006.2468753667345
2025-02-13,2025-02-06,1033.699951171875,1011.5078655787745
2025-02-14,2025-02-07,1009.7999877929688,1012.6219355740784
2025-02-18,2025-02-10,996.5999755859376,1024.4051088462274
2025-02-19,2025-02-11,976.7000122070312,1026.9723401025847
2025-02-20,2025-02-12,987.7999877929688,1038.1046072126683
2025-02-21,2025-02-13,978.2999877929688,1029.913654065695
2025-02-24,2025-02-14,961.2000122070312,1004.1109719367967
2025-02-25,2025-02-18,960.5999755859376,996.9936570012671
2025-02-26,2025-02-19,967.7999877929688,980.7374025859799
2025-02-27,2025-02-20,951.9000244140624,994.3516681195803
2025-02-28,2025-02-21,932.2999877929688,986.5035862515883
2025-03-03,2025-02-24,966.5999755859376,971.3676055047442
2025-03-04,2025-02-25,966.5,965.3598611354216
2025-03-05,2025-02-26,969.4000244140624,970.5531655021933
2025-03-06,2025-02-27,974.7999877929688,954.9419064225401
2025-03-07,2025-02-28,961.5999755859376,935.5723749114218
2025-03-10,2025-03-03,962.0,973.0659240401328
2025-03-11,2025-03-04,975.4000244140624,967.209110671337
2025-03-12,2025-03-05,992.2000122070312,969.8664928896438
2025-03-13,2025-03-06,1002.5,971.4708561380418
2025-03-14,2025-03-07,1010.0,956.8528476088095
2025-03-17,2025-03-10,1023.5,961.0397222973105
2025-03-18,2025-03-11,1020.5,977.5490936218072
2025-03-19,2025-03-12,1006.2999877929688,993.0463207635339
2025-03-20,2025-03-13,989.5,1001.2778129643557
2025-03-21,2025-03-14,976.2000122070312,1011.6367339277152
2025-03-24,2025-03-17,962.5999755859376,1017.722120486413
2025-03-25,2025-03-18,973.0999755859376,1013.5440408214063
2025-03-26,2025-03-19,967.9000244140624,1001.6401987449185
2025-03-27,2025-03-20,983.2000122070312,987.7392414816222
2025-03-28,2025-03-21,977.7000122070312,977.9622035663945
2025-03-31,2025-03-24,1009.7000122070312,970.7139665624139
2025-04-01,2025-03-25,987.0999755859376,984.2811545017477
2025-04-02,2025-03-26,977.9000244140624,976.3032493719718
2025-04-03,2025-03-27,942.5,990.1217395872941
2025-04-04,2025-03-28,902.0,978.7185133396081
2025-04-07,2025-03-31,894.0,1007.5339018651443
2025-04-08,2025-04-01,899.5999755859375,980.8311334053326
2025-04-09,2025-04-02,908.5999755859376,970.9355939768129
2025-04-10,2025-04-03,922.4000244140624,938.7041542713431
2025-04-11,2025-04-04,934.2999877929688,903.3847506438905
2025-04-14,2025-04-07,948.5999755859376,906.4169535478225
2025-04-15,2025-04-08,960.2000122070312,917.6906878485822
2025-04-16,2025-04-09,969.7000122070312,928.2589847136858
2025-04-17,2025-04-10,967.2999877929688,936.2349658001093
2025-04-21,2025-04-11,957.7999877929688,941.9157703211384
2025-04-22,2025-04-14,953.4000244140624,946.6027816998271
2025-04-23,2025-04-15,970.7000122070312,953.4444908478645
2025-04-24,2025-04-16,971.5999755859376,957.9381530276333
2025-04-25,2025-04-17,964.7999877929688,952.3416511686262
2025-04-28,2025-04-21,987.4000244140624,948.2894047282707
2025-04-29,2025-04-22,978.7000122070312,947.7538146278628
2025-04-30,2025-04-23,963.7999877929688,971.9726353017114
2025-05-01,2025-04-24,964.7999877929688,974.2279158526869
2025-05-02,2025-04-25,962.9000244140624,973.0043692448639
2025-05-05,2025-04-28,957.5,991.2016613913908
2025-05-06,2025-04-29,987.7999877929688,982.191288526207
2025-05-07,2025-04-30,979.7999877929688,967.1642239362973
2025-05-08,2025-05-01,976.2999877929688,966.0060013853363
2025-05-09,2025-05-02,998.5,963.6635618701806
2025-05-12,2025-05-05,974.2999877929688,958.4180274896156
2025-05-13,2025-05-06,991.0,986.3962839538556
2025-05-14,2025-05-07,980.7999877929688,974.4916123191633
2025-05-15,2025-05-08,996.5,969.2736313558626
2025-05-16,2025-05-09,990.2000122070312,993.4593960533025
2025-05-19,2025-05-12,1004.5,966.9334226891001
2025-05-20,2025-05-13,1053.800048828125,984.8166901894003
2025-05-21,2025-05-14,1082.5999755859375,978.4622319106865
2025-05-22,2025-05-15,1078.199951171875,992.5416889410374
2025-05-23,2025-05-16,1087.4000244140625,988.314832295263
2025-05-27,2025-05-19,1075.5999755859375,1005.5145565383075
2025-05-28,2025-05-20,1070.5999755859375,1047.1030209992264
2025-05-29,2025-05-21,1074.699951171875,1067.9626550846504
2025-05-30,2025-05-22,1051.699951171875,1061.0343443568897
2025-06-02,2025-05-23,1060.300048828125,1063.28194341992
2025-06-03,2025-05-27,1071.300048828125,1055.6421368348617
2025-06-04,2025-05-28,1088.699951171875,1059.1077898190604
2025-06-05,2025-05-29,1133.699951171875,1068.331714583977
2025-06-06,2025-05-30,1166.699951171875,1048.8958136400552
2025-06-09,2025-06-02,1213.5999755859375,1066.3884382652443
2025-06-10,2025-06-03,1209.800048828125,1077.4081291989967
2025-06-11,2025-06-04,1258.0999755859375,1089.736572739465
2025-06-12,2025-06-05,1272.699951171875,1128.8148572080995
2025-06-13,2025-06-06,1210.800048828125,1148.894623917938
2025-06-16,2025-06-09,1251.5,1183.9967453711479
2025-06-17,2025-06-10,1260.0999755859375,1168.2236023733574
2025-06-18,2025-06-11,1311.5,1214.2632401066153
2025-06-20,2025-06-12,1263.699951171875,1227.4618433761395
2025-06-23,2025-06-13,1283.4000244140625,1180.4606642723838
2025-06-24,2025-06-16,1304.199951171875,1230.8348322048407
2025-06-25,2025-06-17,1329.5999755859375,1245.4847486171684
2025-06-26,2025-06-18,1399.800048828125,1302.6889532866476
2025-06-27,2025-06-20,1340.9000244140625,1263.2035942265024
2025-06-30,2025-06-23,1334.0,1277.5338879243268
2025-07-01,2025-06-24,1345.9000244140625,1293.8877555877175
2025-07-02,2025-06-25,1421.0,1320.2442420675507
2025-07-03,2025-06-26,1372.0,1373.6730546398953
2025-07-04,2025-06-27,1382.5,1308.169777829064
2025-07-07,2025-06-30,1361.800048828125,1307.8065748236008
2025-07-08,2025-07-01,1376.5999755859375,1319.881637993988
2025-07-09,2025-07-02,1370.5999755859375,1395.5554199708974
2025-07-10,2025-07-03,1394.9000244140625,1349.2522400128814
2025-07-11,2025-07-04,1452.0,1368.3560439117634
2025-07-14,2025-07-07,1399.699951171875,1345.0687587397442
2025-07-15,2025-07-08,1395.0,1365.9341322257808
2025-07-16,2025-07-09,1417.0999755859375,1378.9442816354936
2025-07-17,2025-07-10,1454.4000244140625,1393.5772798792304
2025-07-18,2025-07-11,1438.5,1455.408003810477
2025-07-21,2025-07-14,1477.699951171875,1393.4526699126018
2025-07-22,2025-07-15,1465.5,1392.9250075621082
2025-07-23,2025-07-16,1437.699951171875,1403.3709906398917
2025-07-24,2025-07-17,1424.5999755859375,1455.7681146284217
2025-07-25,2025-07-18,1407.4000244140625,1439.3978704179215
2025-07-28,2025-07-21,1404.0999755859375,1473.3779400695796
2025-07-29,2025-07-22,1404.0,1455.1851274235946
2025-07-30,2025-07-23,1360.699951171875,1432.7240546965136
2025-07-31,2025-07-24,1286.4000244140625,1426.917991279398
2025-08-01,2025-07-25,1304.0,1405.9887451595218
2025-08-04,2025-07-28,1326.4000244140625,1417.5168994507742
2025-08-05,2025-07-29,1317.199951171875,1417.4468529466615
2025-08-06,2025-07-30,1326.0,1374.4810467695584
2025-08-07,2025-07-31,1339.9000244140625,1291.345670820619
2025-08-08,2025-08-01,1325.5999755859375,1324.6416086853835
2025-08-11,2025-08-04,1329.9000244140625,1346.570332802794
2025-08-12,2025-08-05,1341.9000244140625,1332.0024057632556
2025-08-13,2025-08-06,1331.5,1335.4033820784828
2025-08-14,2025-08-07,1350.300048828125,1338.5485625585688
2025-08-15,2025-08-08,1334.300048828125,1321.3235715911342
2025-08-18,2025-08-11,1326.4000244140625,1328.737872499437
2025-08-19,2025-08-12,1302.300048828125,1338.8135976915369
2025-08-20,2025-08-13,1334.0,1326.6983593118914
2025-08-21,2025-08-14,1351.199951171875,1353.3653480797934
2025-08-22,2025-08-15,1355.4000244140625,1337.279931188188
2025-08-25,2025-08-18,1331.5999755859375,1327.8970502083928
2025-08-26,2025-08-19,1342.4000244140625,1306.8113172674266
2025-08-27,2025-08-20,1341.4000244140625,1341.4089341471713
2025-08-28,2025-08-21,1356.4000244140625,1355.0614201958438
2025-08-29,2025-08-22,1365.699951171875,1360.9071577013017
2025-09-02,2025-08-25,1405.800048828125,1334.2266178851012
2025-09-03,2025-08-26,1448.5999755859375,1337.6028311199805
2025-09-04,2025-08-27,1371.199951171875,1340.0695115419585
2025-09-05,2025-08-28,1381.699951171875,1357.9404927527817
2025-09-08,2025-08-29,1380.800048828125,1368.3932576408133
2025-09-09,2025-09-02,1367.300048828125,1403.7271045369143
2025-09-10,2025-09-03,1392.9000244140625,1446.9862520125557
2025-09-11,2025-09-04,1395.4000244140625,1361.1211373300016
2025-09-12,2025-09-05,1407.300048828125,1373.1616331045984
2025-09-15,2025-09-08,1412.800048828125,1377.9342625124834
2025-09-16,2025-09-09,1398.5,1372.530373040156
2025-09-17,2025-09-10,1372.699951171875,1404.3450352474379
2025-09-18,2025-09-11,1397.4000244140625,1401.3472657256834
2025-09-19,2025-09-12,1414.300048828125,1411.8209551095965
2025-09-22,2025-09-15,1423.699951171875,1416.7650971653034
2025-09-23,2025-09-16,1504.199951171875,1394.252557537418
2025-09-24,2025-09-17,1484.5,1364.5617513473649
2025-09-25,2025-09-18,1530.699951171875,1399.297912594861
2025-09-26,2025-09-19,1582.699951171875,1418.0510217710453
2025-09-29,2025-09-22,1609.300048828125,1428.1548430274827
2025-09-30,2025-09-23,1584.5999755859375,1503.5722257389161
2025-10-01,2025-09-24,1569.9000244140625,1476.307298723785
2025-10-02,2025-09-25,1563.800048828125,1512.865601188874
2025-10-03,2025-09-26,1619.300048828125,1562.9293261125176
2025-10-06,2025-09-29,1634.9000244140625,1591.018170464648
2025-10-07,2025-09-30,1626.5999755859375,1561.746546668086
2025-10-08,2025-10-01,1678.0,1558.0095757517909
2025-10-09,2025-10-02,1634.0999755859375,1554.4047462524297
2025-10-10,2025-10-03,1600.699951171875,1624.5286829368122
2025-10-13,2025-10-06,1669.5999755859375,1647.1522119343795
2025-10-14,2025-10-07,1655.0999755859375,1628.311977819269
2025-10-15,2025-10-08,1668.699951171875,1676.2626139122492
2025-10-16,2025-10-09,1734.9000244140625,1627.8249850674576
2025-10-17,2025-10-10,1602.300048828125,1598.4458425525513
2025-10-20,2025-10-13,1634.9000244140625,1669.2338362500811
2025-10-21,2025-10-14,1504.0,1657.5311142892895
2025-10-22,2025-10-15,1536.0,1671.6603075042372
2025-10-23,2025-10-16,1587.5999755859375,1734.1236715270825
2025-10-24,2025-10-17,1593.9000244140625,1595.6609552619466
2025-10-27,2025-10-20,1578.4000244140625,1635.02393166654
2025-10-28,2025-10-21,1577.0,1511.1488179783034
2025-10-29,2025-10-22,1591.300048828125,1551.1824538423964
2025-10-30,2025-10-23,1608.300048828125,1614.7515751198057
2025-10-31,2025-10-24,1569.800048828125,1622.7798162816537
2025-11-03,2025-10-27,1574.0,1589.0111957746897
2025-11-04,2025-10-28,1542.300048828125,1576.5916670122863
2025-11-05,2025-10-29,1553.5,1584.233313181092
2025-11-06,2025-10-30,1528.300048828125,1599.8452634152352
2025-11-07,2025-10-31,1539.300048828125,1564.3571442537807
2025-11-10,2025-11-03,1591.0999755859375,1569.845139586547
2025-11-11,2025-11-04,1589.4000244140625,1548.0421509375265
2025-11-12,2025-11-05,1622.300048828125,1562.216108435413
2025-11-13,2025-11-06,1603.9000244140625,1541.0265870155145
2025-11-14,2025-11-07,1555.199951171875,1547.4735253711278
2025-11-17,2025-11-10,1545.699951171875,1601.493577543806
2025-11-18,2025-11-11,1545.199951171875,1596.5285229600572
2025-11-19,2025-11-12,1546.9000244140625,1617.6919075806643
2025-11-20,2025-11-13,1506.199951171875,1596.6710185922207
2025-11-21,2025-11-14,1513.800048828125,1547.227794722858
2025-11-24,2025-11-17,1542.5,1544.1449449096815
2025-11-25,2025-11-18,1556.9000244140625,1552.977598382682
2025-11-26,2025-11-19,1578.9000244140625,1558.0294834694796
2025-11-28,2025-11-20,1677.699951171875,1518.9448244107164
2025-12-01,2025-11-21,1670.0999755859375,1526.6434825115873
2025-12-02,2025-11-24,1644.0,1553.8048770900675
2025-12-03,2025-11-25,1656.5,1566.44240024625
2025-12-04,2025-11-26,1654.4000244140625,1578.8195603854851
2025-12-05,2025-11-28,1655.0,1670.7514045622647
2025-12-08,2025-12-01,1655.0,1655.793514770384
2025-12-09,2025-12-02,1695.0999755859375,1627.8769078489436
2025-12-10,2025-12-03,1641.800048828125,1639.8015230021585
2025-12-11,2025-12-04,1707.800048828125,1642.3086782191149
2025-12-12,2025-12-05,1757.0999755859375,1659.160726696078
2025-12-15,2025-12-08,1810.5,1665.1313745819398
2025-12-16,2025-12-09,1870.0999755859373,1701.9619374507806
2025-12-17,2025-12-10,1932.699951171875,1649.1795889328828
2025-12-18,2025-12-11,1955.5,1719.142663802381
2025-12-19,2025-12-12,2013.199951171875,1757.4281377617654
2025-12-22,2025-12-15,2084.0,1801.9024981231146
2025-12-23,2025-12-16,2282.0,1856.0450840372018
2025-12-24,2025-12-17,2242.39990234375,1905.5403176639104
2025-12-26,2025-12-18,2467.699951171875,1917.256867704425
2025-12-29,2025-12-19,2104.800048828125,1984.8704331636766
2025-12-30,2025-12-22,2232.300048828125,2058.084838172417
2025-12-31,2025-12-23,2034.5,2244.3208579326642
2026-01-02,2025-12-24,2125.699951171875,2210.682251689844
2026-01-05,2025-12-26,2269.5,2428.8079475757963
2026-01-06,2025-12-29,2434.0,2067.1940583309242
2026-01-07,2025-12-30,2253.39990234375,2211.4362233972433
2026-01-08,2025-12-31,2251.699951171875,2046.2699496178384
2026-01-09,2026-01-02,2278.300048828125,2162.0071246270372
2026-01-12,2026-01-05,2359.60009765625,2318.9536795929694
2026-01-13,2026-01-06,2333.800048828125,2473.586967287458
2026-01-14,2026-01-07,2367.10009765625,2273.253983154428
2026-01-15,2026-01-08,2390.0,2239.6616762148788
2026-01-16,2026-01-09,2303.800048828125,2262.4295534976854
2026-01-20,2026-01-12,2431.5,2322.8463129596826
2026-01-21,2026-01-13,2480.39990234375,2334.1865406837474
2026-01-22,2026-01-14,2561.800048828125,2331.004796173288
2026-01-23,2026-01-15,2722.10009765625,2394.2589168626164
2026-01-26,2026-01-16,2852.39990234375,2322.6108959585285
2026-01-27,2026-01-20,2513.199951171875,2446.0422618596813
2026-01-28,2026-01-21,2605.699951171875,2470.222063004081
2026-01-29,2026-01-22,2597.39990234375,2536.534341252036
2026-01-30,2026-01-23,2102.800048828125,2727.878466456816
2026-02-02,2026-01-26,2093.5,2810.9437363877933
2026-02-03,2026-01-27,2195.60009765625,2509.271107687867
2026-02-04,2026-01-28,2162.699951171875,2568.899520414624
2026-02-05,2026-01-29,2061.60009765625,2600.4528996640493
2026-02-06,2026-01-30,2093.300048828125,2121.8807661946485
2026-02-09,2026-02-02,2108.89990234375,2151.5920999104305
2026-02-10,2026-02-03,2091.60009765625,2272.966698113692
2026-02-11,2026-02-04,2137.89990234375,2257.076115191514
2026-02-12,2026-02-05,2014.0,2144.2355780159055
2026-02-13,2026-02-06,2071.199951171875,2108.491325432473
2026-02-17,2026-02-09,2012.5,2113.1427846974834
2026-02-18,2026-02-10,2106.39990234375,2107.5067783452605
2026-02-19,2026-02-11,2062.300048828125,2078.7739943580086
2026-02-20,2026-02-12,2169.699951171875,1961.8465109954154
2026-02-23,2026-02-13,2146.39990234375,2073.6752015215075
2026-02-24,2026-02-17,2181.10009765625,2009.5158418879275
2026-02-25,2026-02-18,2325.60009765625,2099.547675287349
2026-02-26,2026-02-19,2230.699951171875,2103.767704035534
2026-02-27,2026-02-20,2365.60009765625,2171.365562317678
2026-03-02,2026-02-23,2311.89990234375,2135.4057518239174
2026-03-03,2026-02-24,2074.800048828125,2172.6883473625435
2026-03-04,2026-02-25,2154.699951171875,2299.270643715173
2026-03-05,2026-02-26,2130.0,2207.9052719009987
2026-03-06,2026-02-27,2142.39990234375,2336.9981580693893
2026-03-09,2026-03-02,2169.60009765625,2291.9172528195713
2026-03-10,2026-03-03,2235.0,2082.822950184065
2026-03-11,2026-03-04,2205.0,2173.82473418741
2026-03-12,2026-03-05,2160.0,2168.9830618081664
2026-03-13,2026-03-06,2036.5999755859373,2196.7857598775145
2026-03-16,2026-03-09,2089.5,2221.940759229493
2026-03-17,2026-03-10,2131.800048828125,2239.0919010357657
2026-03-18,2026-03-11,2052.0,2205.971812872608
2026-03-19,2026-03-12,1939.199951171875,2167.6257254841594
2026-03-20,2026-03-13,1970.5999755859373,2041.669745467204
2026-03-23,2026-03-16,1860.300048828125,2083.644249038311
2026-03-24,2026-03-17,1892.0,2150.7854893146246
2026-03-25,2026-03-18,1925.199951171875,2080.5538179338737
2026-03-26,2026-03-19,1838.300048828125,1968.798697281583
2026-03-27,2026-03-20,1870.5999755859373,2004.3128780702768
2026-03-30,2026-03-23,1885.5999755859373,1907.4510996496642
2026-03-31,2026-03-24,1950.0,1915.4951793001524
2026-04-01,2026-03-25,1969.300048828125,1940.8766915794533
2026-04-02,2026-03-26,1963.800048828125,1861.4869535181633
2026-04-06,2026-03-27,1958.199951171875,1883.6908002713126
2026-04-07,2026-03-30,1929.0999755859373,1893.8162840158748
2026-04-08,2026-03-31,2050.60009765625,1946.389420082944
2026-04-09,2026-04-01,2096.60009765625,1976.763193108617
2026-04-10,2026-04-02,2049.10009765625,1960.312643734915
2026-04-13,2026-04-06,2061.800048828125,1948.7477602733823
2026-04-14,2026-04-07,2084.60009765625,1938.0245591220319
2026-04-15,2026-04-08,2112.89990234375,2050.578016532046
2026-04-16,2026-04-09,2094.10009765625,2096.8152629669125
2026-04-17,2026-04-10,2124.5,2058.98260165167
2026-04-20,2026-04-13,2070.699951171875,2061.1157881269473
2026-04-21,2026-04-14,2024.300048828125,2077.7528301038574
2026-04-22,2026-04-15,2072.60009765625,2119.085125088865
2026-04-23,2026-04-16,2022.5999755859373,2103.7062837623766
2026-04-24,2026-04-17,2015.0,2121.391304869597
2026-04-27,2026-04-20,1981.0999755859373,2078.699387480093
2026-04-28,2026-04-21,1942.300048828125,2035.9083593922305
2026-04-29,2026-04-22,1885.300048828125,2076.6559093606256
2026-04-30,2026-04-23,1979.0,2038.4209169265469
2026-05-01,2026-04-24,1996.5999755859373,2029.678683693349
2026-05-04,2026-04-27,1946.9000244140625,1991.381233183779
2026-05-05,2026-04-28,1960.699951171875,1951.783414860584
2026-05-06,2026-04-29,2048.699951171875,1904.8769630927177
2026-05-07,2026-04-30,2048.10009765625,1983.090438801531
2026-05-08,2026-05-01,2047.199951171875,2003.4542950605157
2026-05-11,2026-05-04,2115.5,1960.5928571832276
2026-05-12,2026-05-05,2110.0,1961.8662511791536
2026-05-13,2026-05-06,2187.10009765625,2038.0809927430432
2026-05-14,2026-05-07,2083.5,2055.2223907135376
2026-05-15,2026-05-08,1981.300048828125,2055.108071089343
2026-05-18,2026-05-11,1968.0999755859373,2106.0987803514586
2026-05-19,2026-05-12,1933.800048828125,2112.0950340471577
2026-05-20,2026-05-13,1949.800048828125,2185.094232361158
2026-05-21,2026-05-14,1955.0999755859373,2095.4520078408927
2026-05-22,2026-05-15,1931.5999755859373,1996.0500368934424
2026-05-26,2026-05-18,1942.199951171875,1981.9600079082047
2026-05-27,2026-05-19,1918.699951171875,1946.1704145569518
2026-05-28,2026-05-20,1921.5999755859373,1964.603912846436
2026-05-29,2026-05-21,1922.199951171875,1970.8837576673986
2026-06-01,2026-05-22,1922.4000244140625,1944.7454015214407
2026-06-02,2026-05-26,1937.4000244140625,1943.2215278036585
2026-06-03,2026-05-27,1868.699951171875,1922.7776295759468
2026-06-04,2026-05-28,1894.0,1927.9970670594362
2026-06-05,2026-05-29,1792.0,1924.4544481897453
2026-06-08,2026-06-01,1749.4000244140625,1928.9306179310256
2026-06-09,2026-06-02,1708.5999755859375,1939.0347053178843
2026-06-10,2026-06-03,1688.0,1883.9086257810636
2026-06-11,2026-06-04,1662.5999755859375,1905.6936509536645
2026-06-12,2026-06-05,1709.199951171875,1810.7396488558993
2026-06-15,2026-06-08,1770.0,1767.7906445157205
2026-06-16,2026-06-09,1812.0999755859373,1731.6879780581007
2026-06-17,2026-06-10,1790.699951171875,1709.781357311953
2026-06-18,2026-06-11,1705.199951171875,1688.6993853568101
2026-06-22,2026-06-12,1670.300048828125,1718.8318639383149
2026-06-23,2026-06-15,1660.9000244140625,1775.1755687304353
2026-06-24,2026-06-16,1580.5999755859375,1810.955435134977
2026-06-25,2026-06-17,1601.699951171875,1786.0586493795577
2026-06-26,2026-06-18,1630.9000244140625,1701.31139746715
2026-06-29,2026-06-22,1574.5,1672.337619794015
2026-06-30,2026-06-23,1550.199951171875,1669.9301492659215
2026-07-01,2026-06-24,1588.9000244140625,1610.857610559373
2026-07-02,2026-06-25,1616.5999755859375,1631.9807018684833
2026-07-06,2026-06-26,1631.699951171875,1658.7619162765973
2026-07-07,2026-06-29,1651.199951171875,1611.46496436437
2026-07-08,2026-06-30,1576.4000244140625,1569.060989551069
2026-07-09,2026-07-01,1618.800048828125,1583.53631863268
2026-07-10,2026-07-02,1618.0999755859375,1605.877279097816
2026-07-13,2026-07-06,1602.199951171875,1620.5786998556036
2026-07-14,2026-07-07,1631.5,1631.3291119374398
2026-07-15,2026-07-08,1631.5,1583.1040049604928
2026-07-16,2026-07-09,1635.699951171875,1627.585637939158
2026-07-17,2026-07-10,1605.800048828125,1620.830124444723
2026-07-20,2026-07-13,1592.199951171875,1610.9152841379155
2026-07-21,2026-07-14,1626.0999755859375,1636.5165423086742
2026-07-22,2026-07-15,1643.199951171875,1633.4003478507677
2026-07-23,2026-07-16,1599.0999755859375,1637.8700187104678
2026-07-24,2026-07-17,1593.4000244140625,1611.7369541059484
2026-07-27,2026-07-20,1620.5999755859375,1596.3005177498783
2026-07-28,2026-07-21,1612.199951171875,1625.8830442908327
2026-07-29,2026-07-22,1590.0999755859375,1645.6045203189092
2026-07-30,2026-07-23,1651.9000244140625,1606.6201981915078
2026-07-31,2026-07-24,1650.300048828125,1594.0542163218902
2026-08-03,2026-07-27,1618.0,1623.2417736426014
2026-08-04,2026-07-28,1747.300048828125,1617.8557437992768
2026-08-05,2026-07-29,1737.4000244140625,1596.4754197725665
2026-08-06,2026-07-30,1729.0,1646.8432821152626
2026-08-07,2026-07-31,1750.0999755859375,1650.8195128205061
2026-08-10,2026-08-03,1762.0999755859375,1625.9772105819968
